1.369707858558000088e+09
1.369707858976999998e+09
1.369707859394999981e+09
1.369707859812999964e+09
1.369707860232000113e+09
1.369707860651000023e+09
1.369707860859999895e+09
1.369707861069000006e+09
1.369707861278000116e+09
1.369707861487999916e+09
1.369707861697000027e+09
1.369707861905999899e+09
1.369707862115000010e+09
1.369707862325000048e+09
1.369707862533999920e+09
1.369707862743000031e+09
1.369707862951999903e+09
1.369707863161999941e+09
1.369707863371000051e+09
1.369707863579999924e+09
1.369707863789000034e+09
1.369707863999000072e+09
1.369707864207999945e+09
1.369707864417000055e+09
1.369707864625999928e+09
1.369707864835000038e+09
1.369707865045000076e+09
1.369707865253999949e+09
1.369707865463000059e+09
1.369707865671999931e+09
1.369707865881999969e+09
1.369707866091000080e+09
1.369707866299999952e+09
1.369707866509000063e+09
1.369707866717999935e+09
1.369707866927000046e+09
1.369707867135999918e+09
1.369707867552999973e+09
1.369707867970999956e+09
1.369707868388999939e+09
1.369707868806999922e+09
1.369707869226000071e+09
1.369707869434999943e+09
1.369707869854000092e+09
1.369707870062999964e+09
1.369707870273000002e+09
1.369707870482000113e+09
1.369707870691999912e+09
1.369707870901000023e+09
1.369707871111000061e+09
1.369707871319999933e+09
1.369707871529999971e+09
1.369707871739000082e+09
1.369707871948999882e+09
1.369707872157999992e+09
1.369707872368000031e+09
1.369707872576999903e+09
1.369707872786000013e+09
1.369707872996000051e+09
1.369707873204999924e+09
1.369707873414000034e+09
1.369707873622999907e+09
1.369707873832000017e+09
1.369707874040999889e+09
1.369707874250999928e+09
1.369707874460000038e+09
1.369707874668999910e+09
1.369707874878000021e+09
1.369707875086999893e+09
1.369707875296000004e+09
1.369707875506000042e+09
1.369707875714999914e+09
1.369707875924000025e+09
1.369707876132999897e+09
1.369707876342000008e+09
1.369707876551000118e+09
1.369707876760999918e+09
1.369707876970000029e+09
1.369707877178999901e+09
1.369707877388000011e+09
1.369707877596999884e+09
1.369707877805999994e+09
1.369707878015000105e+09
1.369707878224999905e+09
1.369707878434000015e+09
1.369707878642999887e+09
1.369707878851000071e+09
1.369707879059999943e+09
1.369707879269999981e+09
1.369707879479000092e+09
1.369707879687999964e+09
1.369707879897000074e+09
1.369707880105999947e+09
1.369707880315999985e+09
1.369707880525000095e+09
1.369707880733999968e+09
1.369707880944000006e+09
1.369707881153000116e+09
1.369707881361999989e+09
1.369707881571000099e+09
1.369707881780999899e+09
1.369707881990000010e+09
1.369707882198999882e+09
1.369707882407999992e+09
1.369707882618000031e+09
1.369707882826999903e+09
1.369707883036000013e+09
1.369707883244999886e+09
1.369707883453999996e+09
1.369707883663000107e+09
1.369707883871999979e+09
1.369707884081000090e+09
1.369707884289999962e+09
1.369707884499000072e+09
1.369707884707999945e+09
1.369707884917000055e+09
1.369707885125999928e+09
1.369707885335999966e+09
1.369707885545000076e+09
1.369707885753999949e+09
1.369707885963000059e+09
1.369707886171999931e+09
1.369707886381000042e+09
1.369707886589999914e+09
1.369707886799999952e+09
1.369707887009000063e+09
1.369707887217999935e+09
1.369707887427000046e+09
1.369707887635999918e+09
1.369707887845000029e+09
1.369707888053999901e+09
1.369707888263999939e+09
1.369707888473000050e+09
1.369707888681999922e+09
1.369707888891000032e+09
1.369707889101000071e+09
1.369707889309999943e+09
1.369707889519000053e+09
1.369707889729000092e+09
1.369707889937999964e+09
1.369707890147000074e+09
1.369707890357000113e+09
1.369707890565999985e+09
1.369707890776000023e+09
1.369707890984999895e+09
1.369707891194999933e+09
1.369707891404000044e+09
1.369707891612999916e+09
1.369707891822999954e+09
1.369707892032000065e+09
1.369707892240999937e+09
1.369707892450999975e+09
1.369707892660000086e+09
1.369707892868999958e+09
1.369707893078999996e+09
1.369707893288000107e+09
1.369707893496999979e+09
1.369707893706000090e+09
1.369707893914999962e+09
1.369707894124000072e+09
1.369707894332000017e+09
1.369707894540999889e+09
1.369707894750000000e+09
1.369707894959000111e+09
1.369707895167999983e+09
1.369707895377000093e+09
1.369707895585999966e+09
1.369707895796000004e+09
1.369707896005000114e+09
1.369707896213999987e+09
1.369707896423000097e+09
1.369707896632999897e+09
1.369707896842000008e+09
1.369707897051000118e+09
1.369707897259999990e+09
1.369707897469000101e+09
1.369707897677999973e+09
1.369707897887000084e+09
1.369707898095999956e+09
1.369707898305999994e+09
1.369707898515000105e+09
1.369707898723999977e+09
1.369707898933000088e+09
1.369707899141999960e+09
1.369707899351000071e+09
1.369707899559999943e+09
1.369707899769000053e+09
1.369707899977999926e+09
1.369707900187999964e+09
1.369707900397000074e+09
1.369707900605999947e+09
1.369707900815999985e+09
1.369707901025000095e+09
1.369707901233999968e+09
1.369707901443000078e+09
1.369707901861999989e+09
1.369707902279999971e+09
1.369707902697999954e+09
1.369707903115999937e+09
1.369707903533999920e+09
1.369707903951999903e+09
1.369707904369999886e+09
1.369707904789000034e+09
1.369707905207000017e+09
1.369707905417000055e+09
1.369707905625999928e+09
1.369707905835999966e+09
1.369707906045000076e+09
1.369707906253999949e+09
1.369707906463000059e+09
1.369707906673000097e+09
1.369707906881999969e+09
1.369707907091000080e+09
1.369707907301000118e+09
1.369707907509999990e+09
1.369707907719000101e+09
1.369707907928999901e+09
1.369707908138000011e+09
1.369707908346999884e+09
1.369707908555999994e+09
1.369707908765000105e+09
1.369707908974999905e+09
1.369707909184000015e+09
1.369707909392999887e+09
1.369707909601999998e+09
1.369707909811000109e+09
1.369707910019999981e+09
1.369707910229000092e+09
1.369707910437999964e+09
1.369707910648000002e+09
1.369707910857000113e+09
1.369707911065999985e+09
1.369707911275000095e+09
1.369707911483999968e+09
1.369707911693000078e+09
1.369707911901999950e+09
1.369707912111000061e+09
1.369707912319999933e+09
1.369707912529000044e+09
1.369707912739000082e+09
1.369707912947999954e+09
1.369707913157999992e+09
1.369707913367000103e+09
1.369707913576999903e+09
1.369707913786000013e+09
1.369707913996000051e+09
1.369707914204999924e+09
1.369707914414000034e+09
1.369707914624000072e+09
1.369707914832999945e+09
1.369707915042000055e+09
1.369707915250999928e+09
1.369707915460000038e+09
1.369707915668999910e+09
1.369707915878000021e+09
1.369707916086999893e+09
1.369707916296000004e+09
1.369707916505000114e+09
1.369707916713999987e+09
1.369707916923000097e+09
1.369707917131999969e+09
1.369707917341000080e+09
1.369707917549999952e+09
1.369707917759000063e+09
1.369707917969000101e+09
1.369707918177999973e+09
1.369707918387000084e+09
1.369707918595999956e+09
1.369707918805000067e+09
1.369707919013999939e+09
1.369707919223000050e+09
1.369707919431999922e+09
1.369707919641999960e+09
1.369707919851000071e+09
1.369707920059999943e+09
1.369707920269000053e+09
1.369707920477999926e+09
1.369707920687000036e+09
1.369707920895999908e+09
1.369707921105999947e+09
1.369707921315000057e+09
1.369707921523999929e+09
1.369707921733000040e+09
1.369707921941999912e+09
1.369707922151000023e+09
1.369707922359999895e+09
1.369707922569000006e+09
1.369707922778000116e+09
1.369707922986999989e+09
1.369707923197000027e+09
1.369707923405999899e+09
1.369707923615000010e+09
1.369707923823999882e+09
1.369707924032999992e+09
1.369707924242000103e+09
1.369707924450999975e+09
1.369707924660000086e+09
1.369707924868999958e+09
1.369707925078999996e+09
1.369707925288000107e+09
1.369707925496999979e+09
1.369707925706000090e+09
1.369707925914999962e+09
1.369707926125000000e+09
1.369707926334000111e+09
1.369707926543999910e+09
1.369707926753000021e+09
1.369707926963000059e+09
1.369707927173000097e+09
1.369707927382999897e+09
1.369707927592000008e+09
1.369707927801000118e+09
1.369707928009999990e+09
1.369707928219000101e+09
1.369707928427999973e+09
1.369707928637000084e+09
1.369707928845999956e+09
1.369707929053999901e+09
1.369707929263000011e+09
1.369707929471999884e+09
1.369707929680999994e+09
1.369707929890000105e+09
1.369707930098999977e+09
1.369707930309000015e+09
1.369707930517999887e+09
1.369707930726999998e+09
1.369707930937000036e+09
1.369707931145999908e+09
1.369707931565000057e+09
1.369707931983000040e+09
1.369707932401999950e+09
1.369707933237999916e+09
1.369707936375999928e+09
1.369707937003000021e+09
1.369707937421000004e+09
1.369707937839999914e+09
1.369707938259000063e+09
1.369707938467999935e+09
1.369707938677999973e+09
1.369707938887000084e+09
1.369707939095999956e+09
1.369707939305000067e+09
1.369707939515000105e+09
1.369707939723999977e+09
1.369707939933000088e+09
1.369707940141000032e+09
1.369707940349999905e+09
1.369707940559999943e+09
1.369707940769000053e+09
1.369707940977999926e+09
1.369707941187000036e+09
1.369707941395999908e+09
1.369707941605000019e+09
1.369707941813999891e+09
1.369707942023000002e+09
1.369707942233000040e+09
1.369707942441999912e+09
1.369707942651000023e+09
1.369707942859999895e+09
1.369707943069000006e+09
1.369707943278000116e+09
1.369707943487999916e+09
1.369707943697000027e+09
1.369707943905999899e+09
1.369707944115000010e+09
1.369707944323999882e+09
1.369707944532999992e+09
1.369707944743000031e+09
1.369707944951999903e+09
1.369707945161000013e+09
1.369707945578999996e+09
1.369707945996999979e+09
1.369707946625000000e+09
1.369707955198999882e+09
1.369707955617000103e+09
1.369707956035000086e+09
1.369707956453000069e+09
1.369707956871000051e+09
1.369707957290999889e+09
1.369707957710000038e+09
1.369707957920000076e+09
1.369707958130000114e+09
1.369707958339999914e+09
1.369707958549000025e+09
1.369707958759000063e+09
1.369707958967999935e+09
1.369707959177999973e+09
1.369707959387000084e+09
1.369707959595999956e+09
1.369707959805999994e+09
1.369707960015000105e+09
1.369707960223999977e+09
1.369707960434000015e+09
1.369707960642999887e+09
1.369707960851999998e+09
1.369707961061000109e+09
1.369707961270999908e+09
1.369707961480000019e+09
1.369707961688999891e+09
1.369707961898000002e+09
1.369707962107000113e+09
1.369707962315999985e+09
1.369707962525000095e+09
1.369707962733999968e+09
1.369707962943000078e+09
1.369707963151999950e+09
1.369707963359999895e+09
1.369707963569999933e+09
1.369707963778000116e+09
1.369707963986999989e+09
1.369707964196000099e+09
1.369707964404999971e+09
1.369707964614000082e+09
1.369707964822999954e+09
1.369707965032000065e+09
1.369707965242000103e+09
1.369707965450999975e+09
1.369707965660000086e+09
1.369707965869999886e+09
1.369707966078999996e+09
1.369707966288000107e+09
1.369707966497999907e+09
1.369707966707000017e+09
1.369707966915999889e+09
1.369707967125999928e+09
1.369707967335000038e+09
1.369707967543999910e+09
1.369707967753000021e+09
1.369707967961999893e+09
1.369707968171000004e+09
1.369707968380000114e+09
1.369707968588999987e+09
1.369707968798000097e+09
1.369707969006999969e+09
1.369707969217000008e+09
1.369707969426000118e+09
1.369707969634999990e+09
1.369707969844000101e+09
1.369707970052999973e+09
1.369707970262000084e+09
1.369707970470999956e+09
1.369707970680000067e+09
1.369707970890000105e+09
1.369707971098999977e+09
1.369707971308000088e+09
1.369707971516999960e+09
1.369707971726000071e+09
1.369707971934999943e+09
1.369707972144999981e+09
1.369707972354000092e+09
1.369707972562999964e+09
1.369707972772000074e+09
1.369707972980999947e+09
1.369707973190000057e+09
1.369707973398999929e+09
1.369707973608999968e+09
1.369707973818000078e+09
1.369707974026999950e+09
1.369707974236000061e+09
1.369707974444999933e+09
1.369707974654000044e+09
1.369707974862999916e+09
1.369707975072000027e+09
1.369707975280999899e+09
1.369707975490000010e+09
1.369707975698999882e+09
1.369707975907999992e+09
1.369707976325000048e+09
1.369707976533999920e+09
1.369707976743999958e+09
1.369707976953000069e+09
1.369707977161999941e+09
1.369707977371000051e+09
1.369707977579999924e+09
1.369707977789000034e+09
1.369707977997999907e+09
1.369707978207000017e+09
1.369707978415999889e+09
1.369707978625000000e+09
1.369707978834000111e+09
1.369707979042999983e+09
1.369707979252000093e+09
1.369707979460999966e+09
1.369707979671000004e+09
1.369707979880000114e+09
1.369707980088999987e+09
1.369707980298000097e+09
1.369707980506999969e+09
1.369707980716000080e+09
1.369707980924999952e+09
1.369707981134000063e+09
1.369707981342999935e+09
1.369707981552000046e+09
1.369707981760999918e+09
1.369707981970000029e+09
1.369707982180000067e+09
1.369707982388999939e+09
1.369707982598000050e+09
1.369707982806999922e+09
1.369707983016000032e+09
1.369707983224999905e+09
1.369707983434000015e+09
1.369707983642999887e+09
1.369707983851999998e+09
1.369707984061000109e+09
1.369707984269999981e+09
1.369707984479000092e+09
1.369707984687999964e+09
1.369707984897000074e+09
1.369707985105999947e+09
1.369707985315000057e+09
1.369707985523999929e+09
1.369707985733000040e+09
1.369707985941999912e+09
1.369707986151000023e+09
1.369707986359999895e+09
1.369707986569000006e+09
1.369707986779000044e+09
1.369707986987999916e+09
1.369707987197000027e+09
1.369707987405999899e+09
1.369707987615000010e+09
1.369707987823999882e+09
1.369707988032999992e+09
1.369707988242000103e+09
1.369707988450999975e+09
1.369707988660000086e+09
1.369707988868999958e+09
1.369707989078999996e+09
1.369707989288000107e+09
1.369707989496999979e+09
1.369707989706000090e+09
1.369707989914999962e+09
1.369707990124000072e+09
1.369707990332999945e+09
1.369707990542000055e+09
1.369707990750999928e+09
1.369707990960000038e+09
1.369707991168999910e+09
1.369707991378000021e+09
1.369707991586999893e+09
1.369707991796000004e+09
1.369707992005000114e+09
1.369707992213999987e+09
1.369707992423000097e+09
1.369707992631999969e+09
1.369707992841000080e+09
1.369707993049999952e+09
1.369707993259999990e+09
1.369707993469000101e+09
1.369707993677999973e+09
1.369707993887000084e+09
1.369707994095999956e+09
1.369707994305000067e+09
1.369707994513999939e+09
1.369707994723000050e+09
1.369707994931999922e+09
1.369707995141000032e+09
1.369707995351000071e+09
1.369707995559999943e+09
1.369707995769000053e+09
1.369707995977999926e+09
1.369707996187000036e+09
1.369707996395999908e+09
1.369707996605000019e+09
1.369707996813999891e+09
1.369707997023000002e+09
1.369707997232000113e+09
1.369707997441999912e+09
1.369707997651000023e+09
1.369707997859999895e+09
1.369707998069000006e+09
1.369707998278000116e+09
1.369707998486999989e+09
1.369707998696000099e+09
1.369707998904999971e+09
1.369707999114000082e+09
1.369707999323999882e+09
1.369707999532999992e+09
1.369707999742000103e+09
1.369707999950999975e+09
1.369708000160000086e+09
1.369708000368999958e+09
1.369708000578000069e+09
1.369708000788000107e+09
1.369708000996999979e+09
1.369708001206000090e+09
1.369708001414999962e+09
1.369708001624000072e+09
1.369708001832999945e+09
1.369708002042000055e+09
1.369708002250999928e+09
1.369708002460000038e+09
1.369708002668999910e+09
1.369708002878000021e+09
1.369708003086999893e+09
1.369708003296000004e+09
1.369708003505000114e+09
1.369708003714999914e+09
1.369708003924000025e+09
1.369708004132999897e+09
1.369708004342000008e+09
1.369708004551000118e+09
1.369708004759999990e+09
1.369708004970000029e+09
1.369708005178999901e+09
1.369708005388000011e+09
1.369708005596999884e+09
1.369708005805999994e+09
1.369708006015000105e+09
1.369708006223999977e+09
1.369708006641999960e+09
1.369708007059000015e+09
1.369708007476999998e+09
1.369708007894000053e+09
1.369708008311000109e+09
1.369708008729000092e+09
1.369708009147000074e+09
1.369708009565000057e+09
1.369708009983000040e+09
1.369708010193000078e+09
1.369708010401999950e+09
1.369708010611999989e+09
1.369708010821000099e+09
1.369708011029999971e+09
1.369708011239000082e+09
1.369708011447999954e+09
1.369708011657999992e+09
1.369708011867000103e+09
1.369708012075999975e+09
1.369708012285000086e+09
1.369708012493999958e+09
1.369708012703000069e+09
1.369708012913000107e+09
1.369708013121999979e+09
1.369708013331000090e+09
1.369708013539999962e+09
1.369708013749000072e+09
1.369708013957999945e+09
1.369708014167999983e+09
1.369708014377000093e+09
1.369708014585999966e+09
1.369708014795000076e+09
1.369708015003999949e+09
1.369708015213000059e+09
1.369708015423000097e+09
1.369708015631999969e+09
1.369708015841000080e+09
1.369708016049999952e+09
1.369708016259000063e+09
1.369708016467999935e+09
1.369708016677000046e+09
1.369708016885999918e+09
1.369708017095000029e+09
1.369708017303999901e+09
1.369708017513000011e+09
1.369708017721999884e+09
1.369708017930999994e+09
1.369708018140000105e+09
1.369708018348999977e+09
1.369708018559000015e+09
1.369708018767999887e+09
1.369708018976999998e+09
1.369708019186000109e+09
1.369708019394999981e+09
1.369708019604000092e+09
1.369708019813999891e+09
1.369708020023000002e+09
1.369708020232000113e+09
1.369708020440999985e+09
1.369708020650000095e+09
1.369708020858999968e+09
1.369708021068000078e+09
1.369708021278000116e+09
1.369708021486999989e+09
1.369708021696000099e+09
1.369708021904999971e+09
1.369708022114000082e+09
1.369708022322999954e+09
1.369708022532000065e+09
1.369708022740999937e+09
1.369708022950000048e+09
1.369708023158999920e+09
1.369708023368000031e+09
1.369708023576999903e+09
1.369708023786000013e+09
1.369708023994999886e+09
1.369708024203999996e+09
1.369708024413000107e+09
1.369708024621000051e+09
1.369708024829999924e+09
1.369708025039000034e+09
1.369708025247999907e+09
1.369708025456000090e+09
1.369708025664999962e+09
1.369708025874000072e+09
1.369708026082999945e+09
1.369708026292000055e+09
1.369708026502000093e+09
1.369708026710999966e+09
1.369708026920000076e+09
1.369708027128999949e+09
1.369708027338000059e+09
1.369708027548000097e+09
1.369708027756999969e+09
1.369708027966000080e+09
1.369708028176000118e+09
1.369708028384999990e+09
1.369708028595000029e+09
1.369708028803999901e+09
1.369708029013999939e+09
1.369708029223000050e+09
1.369708029433000088e+09
1.369708029641999960e+09
1.369708029851000071e+09
1.369708030059999943e+09
1.369708030269999981e+09
1.369708030479000092e+09
1.369708030687999964e+09
1.369708030897000074e+09
1.369708031105999947e+09
1.369708031315000057e+09
1.369708031523999929e+09
1.369708031733000040e+09
1.369708031941999912e+09
1.369708032151000023e+09
1.369708032359999895e+09
1.369708032569000006e+09
1.369708032778000116e+09
1.369708032987999916e+09
1.369708033197000027e+09
1.369708033405999899e+09
1.369708033615000010e+09
1.369708033823999882e+09
1.369708034032999992e+09
1.369708034242000103e+09
1.369708034450999975e+09
1.369708034660000086e+09
1.369708034868999958e+09
1.369708035078000069e+09
1.369708035286999941e+09
1.369708035496000051e+09
1.369708035704999924e+09
1.369708035914000034e+09
1.369708036122999907e+09
1.369708036332000017e+09
1.369708036540999889e+09
1.369708036750000000e+09
1.369708036960000038e+09
1.369708037168999910e+09
1.369708037378000021e+09
1.369708037586999893e+09
1.369708037796000004e+09
1.369708038005000114e+09
1.369708038213999987e+09
1.369708038423000097e+09
1.369708038631999969e+09
1.369708038842000008e+09
1.369708039051000118e+09
1.369708039259999990e+09
1.369708039469000101e+09
1.369708039677999973e+09
1.369708039887000084e+09
1.369708040095999956e+09
1.369708040305000067e+09
1.369708040513999939e+09
1.369708040723999977e+09
1.369708040933000088e+09
1.369708041141999960e+09
1.369708041351000071e+09
1.369708041559999943e+09
1.369708041769000053e+09
1.369708041977999926e+09
1.369708042187000036e+09
1.369708042395999908e+09
1.369708042605000019e+09
1.369708042813999891e+09
1.369708043023000002e+09
1.369708043232000113e+09
1.369708043440999985e+09
1.369708043650000095e+09
1.369708043858999968e+09
1.369708044068000078e+09
1.369708044276999950e+09
1.369708044486999989e+09
1.369708044696000099e+09
1.369708044904999971e+09
1.369708045114000082e+09
1.369708045322999954e+09
1.369708045532000065e+09
1.369708045740999937e+09
1.369708045950000048e+09
1.369708046158999920e+09
1.369708046368000031e+09
1.369708046576999903e+09
1.369708046786999941e+09
1.369708046996000051e+09
1.369708047204999924e+09
1.369708047414000034e+09
1.369708047622999907e+09
1.369708047832000017e+09
1.369708048040999889e+09
1.369708048250000000e+09
1.369708048459000111e+09
1.369708048667999983e+09
1.369708048878000021e+09
1.369708049086999893e+09
1.369708049296000004e+09
1.369708049505000114e+09
1.369708049713999987e+09
1.369708049923000097e+09
1.369708050132999897e+09
1.369708050342000008e+09
1.369708050552000046e+09
1.369708050760999918e+09
1.369708050970999956e+09
1.369708051180000067e+09
1.369708051390000105e+09
1.369708051598999977e+09
1.369708051808000088e+09
1.369708052017999887e+09
1.369708052226999998e+09
1.369708052436000109e+09
1.369708052644999981e+09
1.369708052852999926e+09
1.369708053062000036e+09
1.369708053270999908e+09
1.369708053480000019e+09
1.369708053688999891e+09
1.369708053898000002e+09
1.369708054107000113e+09
1.369708054315999985e+09
1.369708054525000095e+09
1.369708054733999968e+09
1.369708054943000078e+09
1.369708055151999950e+09
1.369708055361000061e+09
1.369708055569999933e+09
1.369708055779000044e+09
1.369708055989000082e+09
1.369708056197999954e+09
1.369708056407000065e+09
1.369708056615999937e+09
1.369708056825000048e+09
1.369708057033999920e+09
1.369708057243000031e+09
1.369708057451999903e+09
1.369708057661999941e+09
1.369708057871000051e+09
1.369708058079999924e+09
1.369708058289000034e+09
1.369708058497999907e+09
1.369708058707000017e+09
1.369708058915999889e+09
1.369708059125000000e+09
1.369708059334000111e+09
1.369708059543999910e+09
1.369708059753000021e+09
1.369708059961999893e+09
1.369708060171000004e+09
1.369708060380000114e+09
1.369708060588999987e+09
1.369708060798000097e+09
1.369708061006999969e+09
1.369708061216000080e+09
1.369708061424999952e+09
1.369708061634000063e+09
1.369708061842999935e+09
1.369708062052000046e+09
1.369708062260999918e+09
1.369708062470000029e+09
1.369708062678999901e+09
1.369708062888000011e+09
1.369708063096999884e+09
1.369708063305999994e+09
1.369708063515000105e+09
1.369708063723999977e+09
1.369708063933000088e+09
1.369708064142999887e+09
1.369708064351999998e+09
1.369708064561000109e+09
1.369708064769999981e+09
1.369708064979000092e+09
1.369708065187999964e+09
1.369708065398000002e+09
1.369708065607000113e+09
1.369708065815999985e+09
1.369708066026000023e+09
1.369708066234999895e+09
1.369708066444000006e+09
1.369708066654000044e+09
1.369708066862999916e+09
1.369708067072000027e+09
1.369708067280999899e+09
1.369708067490999937e+09
1.369708067700000048e+09
1.369708067908999920e+09
1.369708068118000031e+09
1.369708068326999903e+09
1.369708068536000013e+09
1.369708068744999886e+09
1.369708068953999996e+09
1.369708069163000107e+09
1.369708069372999907e+09
1.369708069582000017e+09
1.369708069790999889e+09
1.369708070000000000e+09
1.369708070209000111e+09
1.369708070417999983e+09
1.369708070627000093e+09
1.369708070835999966e+09
1.369708071045000076e+09
1.369708071255000114e+09
1.369708071463999987e+09
1.369708071673000097e+09
1.369708071881999969e+09
1.369708072092000008e+09
1.369708072301000118e+09
1.369708072510999918e+09
1.369708072720999956e+09
1.369708072930000067e+09
1.369708073140000105e+09
1.369708073348999977e+09
1.369708073558000088e+09
1.369708073766999960e+09
1.369708073976000071e+09
1.369708074184999943e+09
1.369708074394000053e+09
1.369708074602999926e+09
1.369708074812000036e+09
1.369708075020999908e+09
1.369708075230000019e+09
1.369708075438999891e+09
1.369708075648000002e+09
1.369708075857000113e+09
1.369708076065999985e+09
1.369708076275000095e+09
1.369708076483000040e+09
1.369708076691999912e+09
1.369708076901000023e+09
1.369708077109999895e+09
1.369708077319000006e+09
1.369708077528000116e+09
1.369708077736999989e+09
1.369708077946000099e+09
1.369708078154999971e+09
1.369708078364000082e+09
1.369708078572999954e+09
1.369708078782000065e+09
1.369708078990999937e+09
1.369708079200000048e+09
1.369708079408999920e+09
1.369708079618999958e+09
1.369708079828000069e+09
1.369708080036999941e+09
1.369708080246000051e+09
1.369708080456000090e+09
1.369708080664999962e+09
1.369708080874000072e+09
1.369708081082999945e+09
1.369708081292999983e+09
1.369708081502000093e+09
1.369708081920000076e+09
1.369708082336999893e+09
1.369708082753999949e+09
1.369708083170000076e+09
1.369708083588000059e+09
1.369708084006000042e+09
1.369708084424000025e+09
1.369708084842999935e+09
1.369708085260999918e+09
1.369708085678999901e+09
1.369708086096999884e+09
1.369708086513999939e+09
1.369708086931999922e+09
1.369708087349999905e+09
1.369708087766999960e+09
1.369708088186000109e+09
1.369708088605000019e+09
1.369708089025000095e+09
1.369708089444999933e+09
1.369708089865000010e+09
1.369708090285000086e+09
1.369708090494999886e+09
1.369708090703999996e+09
1.369708090914000034e+09
1.369708091122999907e+09
1.369708091332000017e+09
1.369708091540999889e+09
1.369708091750000000e+09
1.369708091957999945e+09
1.369708092167000055e+09
1.369708092375999928e+09
1.369708092584000111e+09
1.369708092792999983e+09
1.369708093002000093e+09
1.369708093210999966e+09
1.369708093420000076e+09
1.369708093628999949e+09
1.369708093838000059e+09
1.369708094046999931e+09
1.369708094256000042e+09
1.369708094464999914e+09
1.369708094674000025e+09
1.369708094882999897e+09
1.369708095092999935e+09
1.369708095302000046e+09
1.369708095512000084e+09
1.369708095720999956e+09
1.369708095930000067e+09
1.369708096140000105e+09
1.369708096348999977e+09
1.369708096559000015e+09
1.369708096767999887e+09
1.369708096977999926e+09
1.369708097395999908e+09
1.369708097813999891e+09
1.369708098232000113e+09
1.369708098651000023e+09
1.369708099068000078e+09
1.369708099276999950e+09
1.369708099486000061e+09
1.369708099694999933e+09
1.369708099904000044e+09
1.369708100111999989e+09
1.369708100321000099e+09
1.369708100529999971e+09
1.369708100739000082e+09
1.369708100947000027e+09
1.369708101155999899e+09
1.369708101365000010e+09
1.369708101573999882e+09
1.369708101782999992e+09
1.369708101992000103e+09
1.369708102200999975e+09
1.369708102410000086e+09
1.369708102618999958e+09
1.369708102828000069e+09
1.369708103036999941e+09
1.369708103246000051e+09
1.369708103454999924e+09
1.369708103664000034e+09
1.369708103872999907e+09
1.369708104082000017e+09
1.369708104290999889e+09
1.369708104500000000e+09
1.369708104709000111e+09
1.369708104917999983e+09
1.369708105127000093e+09
1.369708105335999966e+09
1.369708105545000076e+09
1.369708105753999949e+09
1.369708105963000059e+09
1.369708106171999931e+09
1.369708106381999969e+09
1.369708106591000080e+09
1.369708106801000118e+09
1.369708107009999990e+09
1.369708107220000029e+09
1.369708107428999901e+09
1.369708107638999939e+09
1.369708107848000050e+09
1.369708108056999922e+09
1.369708108266000032e+09
1.369708108476000071e+09
1.369708108684999943e+09
1.369708108894000053e+09
1.369708109104000092e+09
1.369708109312999964e+09
1.369708109522000074e+09
1.369708109730999947e+09
1.369708109940000057e+09
1.369708110148999929e+09
1.369708110357000113e+09
1.369708110565999985e+09
1.369708110775000095e+09
1.369708110983000040e+09
1.369708111191999912e+09
1.369708111401000023e+09
1.369708111608999968e+09
1.369708111818000078e+09
1.369708112026999950e+09
1.369708112236000061e+09
1.369708112444999933e+09
1.369708112654000044e+09
1.369708112862999916e+09
1.369708113072000027e+09
1.369708113280999899e+09
1.369708113490000010e+09
1.369708113698999882e+09
1.369708113907999992e+09
1.369708114118000031e+09
1.369708114326999903e+09
1.369708114536000013e+09
1.369708114744999886e+09
1.369708114953999996e+09
1.369708115163000107e+09
1.369708115372999907e+09
1.369708115582000017e+09
1.369708115790999889e+09
1.369708116000999928e+09
1.369708116210000038e+09
1.369708116628000021e+09
1.369708117046000004e+09
1.369708117463000059e+09
1.369708117880000114e+09
1.369708118296000004e+09
1.369708118713999987e+09
1.369708119131000042e+09
1.369708119549000025e+09
1.369708119967000008e+09
1.369708120384999990e+09
1.369708120802999973e+09
1.369708121220999956e+09
1.369708121638999939e+09
1.369708122056999922e+09
1.369708122474999905e+09
1.369708122892999887e+09
1.369708123312000036e+09
1.369708123732000113e+09
1.369708124151999950e+09
1.369708124572000027e+09
1.369708124782000065e+09
1.369708124992000103e+09
1.369708125201999903e+09
1.369708125411000013e+09
1.369708125621000051e+09
1.369708125829999924e+09
1.369708126039000034e+09
1.369708126247999907e+09
1.369708126457000017e+09
1.369708126664999962e+09
1.369708126874000072e+09
1.369708127082999945e+09
1.369708127292000055e+09
1.369708127500999928e+09
1.369708127710000038e+09
1.369708127918999910e+09
1.369708128128000021e+09
1.369708128336999893e+09
1.369708128546000004e+09
1.369708128755000114e+09
1.369708128963999987e+09
1.369708129173000097e+09
1.369708129381999969e+09
1.369708129591000080e+09
1.369708129799999952e+09
1.369708130009999990e+09
1.369708130219000101e+09
1.369708130427999973e+09
1.369708130846999884e+09
1.369708131266000032e+09
1.369708131684999943e+09
1.369708132104000092e+09
1.369708132522000074e+09
1.369708132940000057e+09
1.369708133358000040e+09
1.369708133776000023e+09
1.369708134193000078e+09
1.369708134611000061e+09
1.369708135028000116e+09
1.369708135444999933e+09
1.369708135862999916e+09
1.369708136279999971e+09
1.369708136697000027e+09
1.369708137114000082e+09
1.369708137530999899e+09
1.369708137948999882e+09
1.369708138367000103e+09
1.369708138785000086e+09
1.369708139203000069e+09
1.369708139621000051e+09
1.369708140039999962e+09
1.369708140459000111e+09
1.369708140878000021e+09
1.369708141086999893e+09
1.369708141296000004e+09
1.369708141506000042e+09
1.369708141714999914e+09
1.369708141924000025e+09
1.369708142132999897e+09
1.369708142342000008e+09
1.369708142551000118e+09
1.369708142759000063e+09
1.369708142967999935e+09
1.369708143177000046e+09
1.369708143385999918e+09
1.369708143595000029e+09
1.369708143803999901e+09
1.369708144013000011e+09
1.369708144223000050e+09
1.369708144431999922e+09
1.369708144641000032e+09
1.369708144849999905e+09
1.369708145059000015e+09
1.369708145269000053e+09
1.369708145477999926e+09
1.369708145687000036e+09
1.369708145897000074e+09
1.369708146105999947e+09
1.369708146315000057e+09
1.369708146523999929e+09
1.369708146733000040e+09
1.369708146941999912e+09
1.369708147151000023e+09
1.369708147359999895e+09
1.369708147569999933e+09
1.369708147779000044e+09
1.369708147987999916e+09
1.369708148197000027e+09
1.369708148405999899e+09
1.369708148615000010e+09
1.369708148823999882e+09
1.369708149032999992e+09
1.369708149242000103e+09
1.369708149451999903e+09
1.369708149661000013e+09
1.369708149869999886e+09
1.369708150079999924e+09
1.369708150289999962e+09
1.369708150707999945e+09
1.369708151127000093e+09
1.369708151545000076e+09
1.369708151963000059e+09
1.369708152381000042e+09
1.369708152798000097e+09
1.369708153214999914e+09
1.369708153631999969e+09
1.369708154049000025e+09
1.369708154466000080e+09
1.369708154884000063e+09
1.369708155302000046e+09
1.369708155720000029e+09
1.369708156138000011e+09
1.369708156556999922e+09
1.369708156974999905e+09
1.369708157392999887e+09
1.369708157812000036e+09
1.369708158230000019e+09
1.369708158648000002e+09
1.369708159065999985e+09
1.369708159483999968e+09
1.369708159904000044e+09
1.369708160322999954e+09
1.369708160743000031e+09
1.369708161161999941e+09
1.369708161581000090e+09
1.369708161999000072e+09
1.369708162417000055e+09
1.369708162625999928e+09
1.369708162835999966e+09
1.369708163043999910e+09
1.369708163253000021e+09
1.369708163461999893e+09
1.369708163671000004e+09
1.369708163880000114e+09
1.369708164088999987e+09
1.369708164298000097e+09
1.369708164506999969e+09
1.369708164716000080e+09
1.369708164924999952e+09
1.369708165134000063e+09
1.369708165342999935e+09
1.369708165552000046e+09
1.369708165760999918e+09
1.369708165970000029e+09
1.369708166178999901e+09
1.369708166388000011e+09
1.369708166596999884e+09
1.369708166805999994e+09
1.369708167016000032e+09
1.369708167224999905e+09
1.369708167434000015e+09
1.369708167642999887e+09
1.369708167851999998e+09
1.369708168061000109e+09
1.369708168269999981e+09
1.369708168480000019e+09
1.369708168688999891e+09
1.369708168898000002e+09
1.369708169107000113e+09
1.369708169315999985e+09
1.369708169525000095e+09
1.369708169733999968e+09
1.369708169943000078e+09
1.369708170151000023e+09
1.369708170359999895e+09
1.369708170569000006e+09
1.369708170778000116e+09
1.369708171196000099e+09
1.369708171614000082e+09
1.369708172032000065e+09
1.369708172450000048e+09
1.369708172868000031e+09
1.369708173286000013e+09
1.369708173703000069e+09
1.369708174121000051e+09
1.369708174539000034e+09
1.369708174957000017e+09
1.369708175374000072e+09
1.369708175792000055e+09
1.369708176000999928e+09
1.369708176210000038e+09
1.369708176418999910e+09
1.369708176628999949e+09
1.369708176838000059e+09
1.369708177046999931e+09
1.369708177256999969e+09
1.369708177466000080e+09
1.369708177674999952e+09
1.369708177884999990e+09
1.369708178094000101e+09
1.369708178302999973e+09
1.369708178512000084e+09
1.369708178720999956e+09
1.369708178930000067e+09
1.369708179138999939e+09
1.369708179348000050e+09
1.369708179555999994e+09
1.369708179765000105e+09
1.369708179973999977e+09
1.369708180183000088e+09
1.369708180391999960e+09
1.369708180601000071e+09
1.369708180809999943e+09
1.369708181227999926e+09
1.369708181645999908e+09
1.369708182063999891e+09
1.369708182482000113e+09
1.369708182900000095e+09
1.369708183318000078e+09
1.369708183736000061e+09
1.369708184154000044e+09
1.369708184572999954e+09
1.369708184990999937e+09
1.369708185408999920e+09
1.369708185826999903e+09
1.369708186243999958e+09
1.369708186661999941e+09
1.369708187078999996e+09
1.369708187496000051e+09
1.369708187911999941e+09
1.369708188329999924e+09
1.369708188746999979e+09
1.369708189164999962e+09
1.369708189582999945e+09
1.369708190000999928e+09
1.369708193142999887e+09
1.369708193979000092e+09
1.369708198575000048e+09
1.369708198993000031e+09
1.369708199411999941e+09
1.369708199831000090e+09
1.369708200250000000e+09
1.369708200668999910e+09
1.369708200878000021e+09
1.369708201086999893e+09
1.369708201296999931e+09
1.369708201506000042e+09
1.369708201714999914e+09
1.369708201924999952e+09
1.369708202134000063e+09
1.369708202342999935e+09
1.369708202552000046e+09
1.369708202762000084e+09
1.369708202970999956e+09
1.369708203180000067e+09
1.369708203388999939e+09
1.369708203598000050e+09
1.369708203805999994e+09
1.369708204015000105e+09
1.369708204223999977e+09
1.369708204433000088e+09
1.369708204641999960e+09
1.369708204851000071e+09
1.369708205059999943e+09
1.369708205269000053e+09
1.369708205477999926e+09
1.369708205687999964e+09
1.369708205897000074e+09
1.369708206105999947e+09
1.369708206315000057e+09
1.369708206523999929e+09
1.369708206733000040e+09
1.369708206941999912e+09
1.369708207151999950e+09
1.369708207361000061e+09
1.369708207569999933e+09
1.369708207779000044e+09
1.369708207987999916e+09
1.369708208197000027e+09
1.369708208405999899e+09
1.369708208615000010e+09
1.369708208823999882e+09
1.369708209033999920e+09
1.369708209243000031e+09
1.369708209451999903e+09
1.369708209661000013e+09
1.369708209869999886e+09
1.369708210078999996e+09
1.369708210288000107e+09
1.369708210496999979e+09
1.369708210706000090e+09
1.369708210915999889e+09
1.369708211125000000e+09
1.369708211334000111e+09
1.369708211542999983e+09
1.369708211752000093e+09
1.369708211960999966e+09
1.369708212171000004e+09
1.369708212380000114e+09
1.369708212588999987e+09
1.369708212798000097e+09
1.369708213006999969e+09
1.369708213217000008e+09
1.369708213426000118e+09
1.369708213634999990e+09
1.369708213844000101e+09
1.369708214052999973e+09
1.369708214262000084e+09
1.369708214471999884e+09
1.369708214680999994e+09
1.369708214890000105e+09
1.369708215098999977e+09
1.369708215308000088e+09
1.369708215516999960e+09
1.369708215726000071e+09
1.369708215936000109e+09
1.369708216144999981e+09
1.369708216354000092e+09
1.369708216562999964e+09
1.369708216772000074e+09
1.369708216980999947e+09
1.369708217190000057e+09
1.369708217398999929e+09
1.369708217608000040e+09
1.369708217816999912e+09
1.369708218026000023e+09
1.369708218234999895e+09
1.369708218444000006e+09
1.369708218653000116e+09
1.369708218861999989e+09
1.369708219071000099e+09
1.369708219280999899e+09
1.369708219490000010e+09
1.369708219698999882e+09
1.369708219907999992e+09
1.369708220117000103e+09
1.369708220325999975e+09
1.369708220536000013e+09
1.369708220744999886e+09
1.369708220953999996e+09
1.369708221163000107e+09
1.369708221372999907e+09
1.369708221582000017e+09
1.369708221790999889e+09
1.369708222000000000e+09
1.369708222209000111e+09
1.369708222417999983e+09
1.369708222628000021e+09
1.369708222836999893e+09
1.369708223046000004e+09
1.369708223255000114e+09
1.369708223463999987e+09
1.369708223673000097e+09
1.369708223881999969e+09
1.369708224091000080e+09
1.369708224299999952e+09
1.369708224509000063e+09
1.369708224717000008e+09
1.369708224926000118e+09
1.369708225134999990e+09
1.369708225344000101e+09
1.369708225552999973e+09
1.369708225762000084e+09
1.369708225971999884e+09
1.369708226180999994e+09
1.369708226390000105e+09
1.369708226598999977e+09
1.369708226808000088e+09
1.369708227017999887e+09
1.369708227226999998e+09
1.369708227436000109e+09
1.369708227645999908e+09
1.369708227855000019e+09
1.369708228063999891e+09
1.369708228273000002e+09
1.369708228483000040e+09
1.369708228691999912e+09
1.369708228901000023e+09
1.369708229109999895e+09
1.369708229319000006e+09
1.369708229528000116e+09
1.369708229737999916e+09
1.369708229947000027e+09
1.369708230155999899e+09
1.369708230365000010e+09
1.369708230573999882e+09
1.369708230782999992e+09
1.369708230993000031e+09
1.369708231201999903e+09
1.369708231411000013e+09
1.369708231619999886e+09
1.369708231828999996e+09
1.369708232038000107e+09
1.369708232246999979e+09
1.369708232456000090e+09
1.369708232664999962e+09
1.369708232874000072e+09
1.369708233084000111e+09
1.369708233292999983e+09
1.369708233502000093e+09
1.369708233710999966e+09
1.369708233920000076e+09
1.369708234128999949e+09
1.369708234338000059e+09
1.369708234546999931e+09
1.369708234756000042e+09
1.369708234964999914e+09
1.369708235174000025e+09
1.369708235384000063e+09
1.369708235592999935e+09
1.369708235802000046e+09
1.369708236012000084e+09
1.369708236220999956e+09
1.369708236430999994e+09
1.369708236641000032e+09
1.369708236849999905e+09
1.369708237059000015e+09
1.369708237269000053e+09
1.369708237477999926e+09
1.369708237687000036e+09
1.369708237895999908e+09
1.369708238105000019e+09
1.369708238313999891e+09
1.369708238523000002e+09
1.369708238732000113e+09
1.369708238940999985e+09
1.369708239148999929e+09
1.369708239358000040e+09
1.369708239566999912e+09
1.369708239776000023e+09
1.369708239984999895e+09
1.369708240194000006e+09
1.369708240403000116e+09
1.369708240611999989e+09
1.369708240821000099e+09
1.369708241030999899e+09
1.369708241240000010e+09
1.369708241448999882e+09
1.369708241657999992e+09
1.369708241867000103e+09
1.369708242076999903e+09
1.369708242286000013e+09
1.369708242494999886e+09
1.369708242703999996e+09
1.369708242913000107e+09
1.369708243121999979e+09
1.369708243331000090e+09
1.369708243539999962e+09
1.369708243749000072e+09
1.369708243959000111e+09
1.369708244167999983e+09
1.369708244377000093e+09
1.369708244585999966e+09
1.369708244796000004e+09
1.369708245005000114e+09
1.369708245213999987e+09
1.369708245423000097e+09
1.369708245631999969e+09
1.369708245842000008e+09
1.369708246051000118e+09
1.369708246259999990e+09
1.369708246469000101e+09
1.369708246678999901e+09
1.369708246888000011e+09
1.369708247096999884e+09
1.369708247305999994e+09
1.369708247515000105e+09
1.369708247724999905e+09
1.369708247934000015e+09
1.369708248142999887e+09
1.369708248351999998e+09
1.369708248562000036e+09
1.369708248770999908e+09
1.369708248980000019e+09
1.369708249188999891e+09
1.369708249398000002e+09
1.369708249608000040e+09
1.369708249816999912e+09
1.369708250026000023e+09
1.369708250234999895e+09
1.369708250444000006e+09
1.369708250653000116e+09
1.369708250861999989e+09
1.369708251071000099e+09
1.369708251279999971e+09
1.369708251489000082e+09
1.369708251698999882e+09
1.369708251907999992e+09
1.369708252118000031e+09
1.369708252326999903e+09
1.369708252536000013e+09
1.369708252954999924e+09
1.369708253375000000e+09
1.369708253792999983e+09
1.369708262788000107e+09
1.369708263207000017e+09
1.369708263625000000e+09
1.369708264043999910e+09
1.369708264253000021e+09
1.369708264460999966e+09
1.369708264670000076e+09
1.369708264878999949e+09
1.369708265088000059e+09
1.369708265296999931e+09
1.369708265506000042e+09
1.369708265714999914e+09
1.369708265924000025e+09
1.369708266132999897e+09
1.369708266342000008e+09
1.369708266551000118e+09
1.369708266759999990e+09
1.369708266969000101e+09
1.369708267177999973e+09
1.369708267388000011e+09
1.369708267596999884e+09
1.369708267805999994e+09
1.369708268013999939e+09
1.369708268223999977e+09
1.369708268433000088e+09
1.369708268641999960e+09
1.369708268851000071e+09
1.369708269059999943e+09
1.369708269269000053e+09
1.369708269477999926e+09
1.369708269687000036e+09
1.369708269895999908e+09
1.369708270105000019e+09
1.369708270313999891e+09
1.369708270523000002e+09
1.369708270732000113e+09
1.369708270940999985e+09
1.369708271150000095e+09
1.369708271359999895e+09
1.369708271569000006e+09
1.369708271778000116e+09
1.369708271986999989e+09
1.369708272196000099e+09
1.369708272404999971e+09
1.369708272615000010e+09
1.369708272823999882e+09
1.369708273032999992e+09
1.369708273242000103e+09
1.369708273450999975e+09
1.369708273661000013e+09
1.369708273869999886e+09
1.369708274078999996e+09
1.369708274288000107e+09
1.369708274496999979e+09
1.369708274706000090e+09
1.369708274914999962e+09
1.369708275124000072e+09
1.369708275332999945e+09
1.369708275542000055e+09
1.369708275752000093e+09
1.369708275960999966e+09
1.369708276170000076e+09
1.369708276378999949e+09
1.369708276588000059e+09
1.369708276796999931e+09
1.369708277006000042e+09
1.369708277214999914e+09
1.369708277424000025e+09
1.369708277632999897e+09
1.369708277842000008e+09
1.369708278051000118e+09
1.369708278260999918e+09
1.369708278470000029e+09
1.369708278678999901e+09
1.369708278888000011e+09
1.369708279096999884e+09
1.369708279305999994e+09
1.369708279515000105e+09
1.369708279723999977e+09
1.369708279933000088e+09
1.369708280141999960e+09
1.369708280351999998e+09
1.369708280561000109e+09
1.369708280769999981e+09
1.369708280979000092e+09
1.369708281187999964e+09
1.369708281397000074e+09
1.369708281605999947e+09
1.369708281815000057e+09
1.369708282023999929e+09
1.369708282233999968e+09
1.369708282443000078e+09
1.369708282651999950e+09
1.369708282861000061e+09
1.369708283069999933e+09
1.369708283279000044e+09
1.369708283487999916e+09
1.369708283697000027e+09
1.369708283905999899e+09
1.369708284115000010e+09
1.369708284323999882e+09
1.369708284532999992e+09
1.369708284743000031e+09
1.369708284951999903e+09
1.369708285161000013e+09
1.369708285369999886e+09
1.369708285578999996e+09
1.369708285788000107e+09
1.369708285996999979e+09
1.369708286206000090e+09
1.369708286414999962e+09
1.369708286624000072e+09
1.369708286832999945e+09
1.369708287042000055e+09
1.369708287252000093e+09
1.369708287460999966e+09
1.369708287670000076e+09
1.369708287878999949e+09
1.369708288088000059e+09
1.369708288298000097e+09
1.369708288506999969e+09
1.369708288716000080e+09
1.369708289134999990e+09
1.369708289553999901e+09
1.369708290180999994e+09
1.369708290809000015e+09
1.369708291644999981e+09
1.369708292480999947e+09
1.369708293316999912e+09
1.369708293944000006e+09
1.369708294571000099e+09
1.369708294990000010e+09
1.369708295407999992e+09
1.369708295825999975e+09
1.369708296243999958e+09
1.369708296661999941e+09
1.369708297081000090e+09
1.369708297499000072e+09
1.369708297917000055e+09
1.369708298335999966e+09
1.369708298753999949e+09
1.369708299171999931e+09
1.369708299589999914e+09
1.369708300009000063e+09
1.369708300427000046e+09
1.369708300845000029e+09
1.369708301263999939e+09
1.369708301681999922e+09
1.369708302099999905e+09
1.369708302517999887e+09
1.369708302936000109e+09
1.369708303355000019e+09
1.369708303773000002e+09
1.369708304190999985e+09
1.369708304608999968e+09
1.369708305028000116e+09
1.369708305446000099e+09
1.369708305654999971e+09
1.369708305864000082e+09
1.369708306072999954e+09
1.369708306282000065e+09
1.369708306490999937e+09
1.369708306700000048e+09
1.369708306908999920e+09
1.369708307118999958e+09
1.369708307328000069e+09
1.369708307536999941e+09
1.369708307746000051e+09
1.369708307956000090e+09
1.369708308164999962e+09
1.369708308375000000e+09
1.369708308584000111e+09
1.369708308792999983e+09
1.369708309002000093e+09
1.369708309210999966e+09
1.369708309420000076e+09
1.369708309628999949e+09
1.369708309838999987e+09
1.369708310048000097e+09
1.369708310256999969e+09
1.369708310466000080e+09
1.369708310674999952e+09
1.369708310884000063e+09
1.369708311092999935e+09
1.369708311302000046e+09
1.369708311510999918e+09
1.369708311720000029e+09
1.369708311928999901e+09
1.369708312138000011e+09
1.369708312348000050e+09
1.369708312556999922e+09
1.369708312766000032e+09
1.369708312974999905e+09
1.369708313184000015e+09
1.369708313392999887e+09
1.369708313601999998e+09
1.369708313811000109e+09
1.369708314019999981e+09
1.369708314229000092e+09
1.369708314437999964e+09
1.369708314647000074e+09
1.369708314855999947e+09
1.369708315065000057e+09
1.369708315273999929e+09
1.369708315483000040e+09
1.369708315691999912e+09
1.369708315901000023e+09
1.369708316109999895e+09
1.369708316319000006e+09
1.369708316528000116e+09
1.369708316736999989e+09
1.369708316946000099e+09
1.369708317154999971e+09
1.369708317364000082e+09
1.369708317572999954e+09
1.369708317782000065e+09
1.369708317990999937e+09
1.369708318200000048e+09
1.369708318408999920e+09
1.369708318618000031e+09
1.369708318828000069e+09
1.369708319036999941e+09
1.369708319246000051e+09
1.369708319454999924e+09
1.369708319664000034e+09
1.369708319874000072e+09
1.369708320082999945e+09
1.369708320292000055e+09
1.369708320502000093e+09
1.369708320710999966e+09
1.369708320920000076e+09
1.369708321128999949e+09
1.369708321338999987e+09
1.369708321548000097e+09
1.369708321756999969e+09
1.369708321966000080e+09
1.369708322174999952e+09
1.369708322384000063e+09
1.369708322592999935e+09
1.369708322802000046e+09
1.369708323012000084e+09
1.369708323220999956e+09
1.369708323430000067e+09
1.369708323640000105e+09
1.369708323848999977e+09
1.369708324058000088e+09
1.369708324266999960e+09
1.369708324476000071e+09
1.369708324686000109e+09
1.369708324894999981e+09
1.369708325104000092e+09
1.369708325312999964e+09
1.369708325522000074e+09
1.369708325730999947e+09
1.369708325940000057e+09
1.369708326148999929e+09
1.369708326358000040e+09
1.369708326566999912e+09
1.369708326776999950e+09
1.369708326986000061e+09
1.369708327194999933e+09
1.369708327404000044e+09
1.369708327614000082e+09
1.369708327822999954e+09
1.369708328032999992e+09
1.369708328242000103e+09
1.369708328451999903e+09
1.369708328661000013e+09
1.369708328871000051e+09
1.369708329081000090e+09
1.369708329289999962e+09
1.369708329500000000e+09
1.369708329709000111e+09
1.369708329917999983e+09
1.369708330127000093e+09
1.369708330335000038e+09
1.369708330543999910e+09
1.369708330752000093e+09
1.369708330960000038e+09
1.369708331167999983e+09
1.369708331375999928e+09
1.369708331584000111e+09
1.369708331792000055e+09
1.369708332000000000e+09
1.369708332209000111e+09
1.369708332417999983e+09
1.369708332627000093e+09
1.369708332835999966e+09
1.369708333045000076e+09
1.369708333253999949e+09
1.369708333463999987e+09
1.369708333674000025e+09
1.369708333884000063e+09
1.369708334094000101e+09
1.369708334303999901e+09
1.369708334513000011e+09
1.369708334723000050e+09
1.369708334933000088e+09
1.369708335142999887e+09
1.369708335351999998e+09
1.369708335562000036e+09
1.369708335770999908e+09
1.369708335980000019e+09
1.369708336188999891e+09
1.369708336398000002e+09
1.369708336607000113e+09
1.369708336815999985e+09
1.369708337025000095e+09
1.369708337233999968e+09
1.369708337441999912e+09
1.369708337651000023e+09
1.369708337859999895e+09
1.369708338069000006e+09
1.369708338278000116e+09
1.369708338486999989e+09
1.369708338696000099e+09
1.369708338904999971e+09
1.369708339114000082e+09
1.369708339322999954e+09
1.369708339532000065e+09
1.369708339742000103e+09
1.369708339950999975e+09
1.369708340160000086e+09
1.369708340368999958e+09
1.369708340578000069e+09
1.369708340786999941e+09
1.369708340996000051e+09
1.369708341204999924e+09
1.369708341414999962e+09
1.369708341624000072e+09
1.369708341832999945e+09
1.369708342042000055e+09
1.369708342250999928e+09
1.369708342460000038e+09
1.369708342668999910e+09
1.369708342878000021e+09
1.369708343086999893e+09
1.369708343296000004e+09
1.369708343506000042e+09
1.369708343714999914e+09
1.369708343924000025e+09
1.369708344132999897e+09
1.369708344342000008e+09
1.369708344551000118e+09
1.369708344759999990e+09
1.369708344970000029e+09
1.369708345178999901e+09
1.369708345388000011e+09
1.369708345596999884e+09
1.369708345805999994e+09
1.369708346015000105e+09
1.369708346223999977e+09
1.369708346433000088e+09
1.369708346641999960e+09
1.369708346851000071e+09
1.369708347059999943e+09
1.369708347269000053e+09
1.369708347479000092e+09
1.369708347687999964e+09
1.369708347897000074e+09
1.369708348105999947e+09
1.369708348315000057e+09
1.369708348523999929e+09
1.369708348733000040e+09
1.369708348941999912e+09
1.369708349151000023e+09
1.369708349359999895e+09
1.369708349569000006e+09
1.369708349778000116e+09
1.369708349986999989e+09
1.369708350196000099e+09
1.369708350404999971e+09
1.369708350614000082e+09
1.369708350822999954e+09
1.369708351032000065e+09
1.369708351240999937e+09
1.369708351450000048e+09
1.369708351658999920e+09
1.369708351868999958e+09
1.369708352078000069e+09
1.369708352286999941e+09
1.369708352496000051e+09
1.369708352704999924e+09
1.369708352914000034e+09
1.369708353122999907e+09
1.369708353332000017e+09
1.369708353540999889e+09
1.369708353749000072e+09
1.369708353957999945e+09
1.369708354167000055e+09
1.369708354375999928e+09
1.369708354585000038e+09
1.369708354793999910e+09
1.369708355003000021e+09
1.369708355213000059e+09
1.369708355421999931e+09
1.369708355631000042e+09
1.369708355839999914e+09
1.369708356049000025e+09
1.369708356259000063e+09
1.369708356469000101e+09
1.369708356677999973e+09
1.369708356888000011e+09
1.369708357096999884e+09
1.369708357305999994e+09
1.369708357516000032e+09
1.369708357724999905e+09
1.369708357934000015e+09
1.369708358142999887e+09
1.369708358351999998e+09
1.369708358561000109e+09
1.369708358769999981e+09
1.369708358979000092e+09
1.369708359187000036e+09
1.369708359395999908e+09
1.369708359605000019e+09
1.369708359813999891e+09
1.369708360023999929e+09
1.369708360233000040e+09
1.369708360441999912e+09
1.369708360651000023e+09
1.369708360859999895e+09
1.369708361069000006e+09
1.369708361278000116e+09
1.369708361486999989e+09
1.369708361696000099e+09
1.369708361904999971e+09
1.369708362114000082e+09
1.369708362322999954e+09
1.369708362532000065e+09
1.369708362742000103e+09
1.369708362950999975e+09
1.369708363160000086e+09
1.369708363368999958e+09
1.369708363578000069e+09
1.369708363788000107e+09
1.369708363996999979e+09
1.369708364206000090e+09
1.369708364414999962e+09
1.369708364624000072e+09
1.369708364832999945e+09
1.369708365042000055e+09
1.369708365250999928e+09
1.369708365460000038e+09
1.369708365668999910e+09
1.369708365878000021e+09
1.369708366086999893e+09
1.369708366296000004e+09
1.369708366505000114e+09
1.369708366713999987e+09
1.369708366923000097e+09
1.369708367131999969e+09
1.369708367341000080e+09
1.369708367549999952e+09
1.369708367759000063e+09
1.369708367967999935e+09
1.369708368177000046e+09
1.369708368385999918e+09
1.369708368595000029e+09
1.369708368805000067e+09
1.369708369013999939e+09
1.369708369223000050e+09
1.369708369431999922e+09
1.369708369641000032e+09
1.369708369849999905e+09
1.369708370059000015e+09
1.369708370267999887e+09
1.369708370476999998e+09
1.369708370686000109e+09
1.369708370894999981e+09
1.369708371105000019e+09
1.369708371313999891e+09
1.369708371523000002e+09
1.369708371732000113e+09
1.369708371940999985e+09
1.369708372150000095e+09
1.369708372358999968e+09
1.369708372568000078e+09
1.369708372776999950e+09
1.369708372986000061e+09
1.369708373194999933e+09
1.369708373404999971e+09
1.369708373614000082e+09
1.369708373822999954e+09
1.369708374032999992e+09
1.369708374242000103e+09
1.369708374450999975e+09
1.369708374660000086e+09
1.369708374868999958e+09
1.369708375078000069e+09
1.369708375286999941e+09
1.369708375496999979e+09
1.369708375706000090e+09
1.369708375914999962e+09
1.369708376124000072e+09
1.369708376332999945e+09
1.369708376542000055e+09
1.369708376750999928e+09
1.369708376960000038e+09
1.369708377170000076e+09
1.369708377378999949e+09
1.369708377588000059e+09
1.369708377796999931e+09
1.369708378006000042e+09
1.369708378214999914e+09
1.369708378424000025e+09
1.369708378634000063e+09
1.369708378842999935e+09
1.369708379052000046e+09
1.369708379260999918e+09
1.369708379470000029e+09
1.369708379678999901e+09
1.369708379888999939e+09
1.369708380098000050e+09
1.369708380306999922e+09
1.369708380516000032e+09
1.369708380724999905e+09
1.369708380934000015e+09
1.369708381142999887e+09
1.369708381352999926e+09
1.369708381562000036e+09
1.369708381770999908e+09
1.369708381980000019e+09
1.369708382188999891e+09
1.369708382398000002e+09
1.369708382607000113e+09
1.369708382815999985e+09
1.369708383025000095e+09
1.369708383233999968e+09
1.369708383443000078e+09
1.369708383651999950e+09
1.369708383861999989e+09
1.369708384071000099e+09
1.369708384279999971e+09
1.369708384489000082e+09
1.369708384697999954e+09
1.369708384907000065e+09
1.369708385115999937e+09
1.369708385325000048e+09
1.369708385535000086e+09
1.369708385743999958e+09
1.369708385953000069e+09
1.369708386161999941e+09
1.369708386371000051e+09
1.369708386579999924e+09
1.369708386789000034e+09
1.369708386997999907e+09
1.369708387414999962e+09
1.369708387832000017e+09
1.369708388247999907e+09
1.369708388664999962e+09
1.369708389082999945e+09
1.369708389500999928e+09
1.369708389918999910e+09
1.369708390336999893e+09
1.369708390755000114e+09
1.369708396404999971e+09
1.369708396822999954e+09
1.369708397242000103e+09
1.369708397661000013e+09
1.369708398079999924e+09
1.369708398499000072e+09
1.369708398917999983e+09
1.369708399335999966e+09
1.369708399753999949e+09
1.369708400171000004e+09
1.369708400380000114e+09
1.369708400588999987e+09
1.369708400796999931e+09
1.369708401006000042e+09
1.369708401214999914e+09
1.369708401423000097e+09
1.369708401631999969e+09
1.369708401841000080e+09
1.369708402049999952e+09
1.369708402259000063e+09
1.369708402467999935e+09
1.369708402677000046e+09
1.369708402885999918e+09
1.369708403095000029e+09
1.369708403303999901e+09
1.369708403513000011e+09
1.369708403721999884e+09
1.369708403930999994e+09
1.369708404140000105e+09
1.369708404348999977e+09
1.369708404558000088e+09
1.369708404766999960e+09
1.369708404976000071e+09
1.369708405184999943e+09
1.369708405394000053e+09
1.369708405602999926e+09
1.369708405812000036e+09
1.369708406020999908e+09
1.369708406230000019e+09
1.369708406438999891e+09
1.369708406648000002e+09
1.369708406857000113e+09
1.369708407065999985e+09
1.369708407275000095e+09
1.369708407483999968e+09
1.369708407693000078e+09
1.369708407901999950e+09
1.369708408111000061e+09
1.369708408321000099e+09
1.369708408529999971e+09
1.369708408739000082e+09
1.369708408947999954e+09
1.369708409157000065e+09
1.369708409365999937e+09
1.369708409575000048e+09
1.369708409783999920e+09
1.369708409993000031e+09
1.369708410201999903e+09
1.369708410411000013e+09
1.369708410619999886e+09
1.369708410828999996e+09
1.369708411038000107e+09
1.369708411246999979e+09
1.369708411456000090e+09
1.369708411665999889e+09
1.369708411875000000e+09
1.369708412084000111e+09
1.369708412292999983e+09
1.369708412502000093e+09
1.369708412711999893e+09
1.369708412921000004e+09
1.369708413130000114e+09
1.369708413338999987e+09
1.369708413546999931e+09
1.369708413756000042e+09
1.369708413964999914e+09
1.369708414174000025e+09
1.369708414382999897e+09
1.369708414592000008e+09
1.369708414801000118e+09
1.369708415009999990e+09
1.369708415219000101e+09
1.369708415427999973e+09
1.369708415637000084e+09
1.369708415845999956e+09
1.369708416055000067e+09
1.369708416263999939e+09
1.369708416473000050e+09
1.369708416681999922e+09
1.369708416891999960e+09
1.369708417101000071e+09
1.369708417309999943e+09
1.369708417519000053e+09
1.369708417727999926e+09
1.369708417937000036e+09
1.369708418145999908e+09
1.369708418355000019e+09
1.369708418563999891e+09
1.369708418772000074e+09
1.369708418980999947e+09
1.369708419190000057e+09
1.369708419398999929e+09
1.369708419608000040e+09
1.369708419816999912e+09
1.369708420026000023e+09
1.369708420234999895e+09
1.369708420444000006e+09
1.369708420653000116e+09
1.369708420861999989e+09
1.369708421071000099e+09
1.369708421279999971e+09
1.369708421489000082e+09
1.369708421697999954e+09
1.369708421907000065e+09
1.369708422115999937e+09
1.369708422325000048e+09
1.369708422533999920e+09
1.369708422743000031e+09
1.369708422951999903e+09
1.369708423161000013e+09
1.369708423369999886e+09
1.369708423578999996e+09
1.369708423788000107e+09
1.369708423996999979e+09
1.369708424206000090e+09
1.369708424414999962e+09
1.369708424624000072e+09
1.369708424832999945e+09
1.369708425042000055e+09
1.369708425250999928e+09
1.369708425460000038e+09
1.369708425668999910e+09
1.369708425878000021e+09
1.369708426086999893e+09
1.369708426296000004e+09
1.369708426505000114e+09
1.369708426713999987e+09
1.369708426923000097e+09
1.369708427131999969e+09
1.369708427341000080e+09
1.369708427757999897e+09
1.369708428176000118e+09
1.369708428802999973e+09
1.369708429640000105e+09
1.369708432145999908e+09
1.369708432562999964e+09
1.369708432980999947e+09
1.369708433400000095e+09
1.369708433819999933e+09
1.369708434239000082e+09
1.369708434447999954e+09
1.369708434657000065e+09
1.369708434867000103e+09
1.369708435075999975e+09
1.369708435285000086e+09
1.369708435493999958e+09
1.369708435703000069e+09
1.369708435911999941e+09
1.369708436121000051e+09
1.369708436329999924e+09
1.369708436539000034e+09
1.369708436747999907e+09
1.369708436957000017e+09
1.369708437165999889e+09
1.369708437375000000e+09
1.369708437584000111e+09
1.369708437792999983e+09
1.369708438002000093e+09
1.369708438210999966e+09
1.369708438420000076e+09
1.369708438628999949e+09
1.369708438838000059e+09
1.369708439046999931e+09
1.369708439256000042e+09
1.369708439464999914e+09
1.369708439674000025e+09
1.369708439882999897e+09
1.369708440092000008e+09
1.369708440301000118e+09
1.369708440509999990e+09
1.369708440719000101e+09
1.369708440927999973e+09
1.369708441137000084e+09
1.369708441345999956e+09
1.369708441555000067e+09
1.369708441763999939e+09
1.369708441973000050e+09
1.369708442181999922e+09
1.369708442391000032e+09
1.369708442599999905e+09
1.369708442809000015e+09
1.369708443019000053e+09
1.369708443227999926e+09
1.369708443437000036e+09
1.369708443645999908e+09
1.369708443855000019e+09
1.369708444063999891e+09
1.369708444273000002e+09
1.369708444482000113e+09
1.369708444690999985e+09
1.369708444900000095e+09
1.369708445108999968e+09
1.369708445318000078e+09
1.369708445526999950e+09
1.369708445736000061e+09
1.369708445946000099e+09
1.369708446154999971e+09
1.369708446364000082e+09
1.369708446572999954e+09
1.369708446782000065e+09
1.369708446990999937e+09
1.369708447200000048e+09
1.369708447408999920e+09
1.369708447617000103e+09
1.369708447825999975e+09
1.369708448035000086e+09
1.369708448243999958e+09
1.369708448453999996e+09
1.369708448663000107e+09
1.369708448871999979e+09
1.369708449081000090e+09
1.369708449289999962e+09
1.369708449499000072e+09
1.369708449707999945e+09
1.369708449917000055e+09
1.369708450125999928e+09
1.369708450335000038e+09
1.369708450543999910e+09
1.369708450753000021e+09
1.369708450961999893e+09
1.369708451171000004e+09
1.369708451380000114e+09
1.369708451588999987e+09
1.369708451798000097e+09
1.369708452006999969e+09
1.369708452216000080e+09
1.369708452424999952e+09
1.369708452634000063e+09
1.369708452842999935e+09
1.369708453052000046e+09
1.369708453260999918e+09
1.369708453470000029e+09
1.369708453678999901e+09
1.369708453888000011e+09
1.369708454096999884e+09
1.369708454305999994e+09
1.369708454515000105e+09
1.369708454723999977e+09
1.369708454933000088e+09
1.369708455142999887e+09
1.369708455351999998e+09
1.369708455561000109e+09
1.369708455769999981e+09
1.369708455979000092e+09
1.369708456187999964e+09
1.369708456397000074e+09
1.369708456605999947e+09
1.369708456815000057e+09
1.369708457023999929e+09
1.369708457233000040e+09
1.369708457441999912e+09
1.369708457651000023e+09
1.369708457859999895e+09
1.369708458069000006e+09
1.369708458278000116e+09
1.369708458486999989e+09
1.369708458696000099e+09
1.369708458904999971e+09
1.369708459114000082e+09
1.369708459322999954e+09
1.369708459532000065e+09
1.369708459740999937e+09
1.369708459950000048e+09
1.369708460158999920e+09
1.369708460368000031e+09
1.369708460576999903e+09
1.369708460786000013e+09
1.369708460994999886e+09
1.369708461203999996e+09
1.369708461413000107e+09
1.369708461621999979e+09
1.369708461831000090e+09
1.369708462039999962e+09
1.369708462249000072e+09
1.369708462457999945e+09
1.369708462875999928e+09
1.369708463292999983e+09
1.369708463710000038e+09
1.369708464128000021e+09
1.369708464546000004e+09
1.369708465173000097e+09
1.369708465799999952e+09
1.369708466427999973e+09
1.369708469983000040e+09
1.369708470609999895e+09
1.369708471447000027e+09
1.369708474372999907e+09
1.369708474789999962e+09
1.369708475209000111e+09
1.369708475628000021e+09
1.369708475838000059e+09
1.369708476046999931e+09
1.369708476256999969e+09
1.369708476466000080e+09
1.369708476674999952e+09
1.369708476884000063e+09
1.369708477092999935e+09
1.369708477302000046e+09
1.369708477510999918e+09
1.369708477720000029e+09
1.369708477928999901e+09
1.369708478138000011e+09
1.369708478346999884e+09
1.369708478555999994e+09
1.369708478765000105e+09
1.369708478973999977e+09
1.369708479183000088e+09
1.369708479391999960e+09
1.369708479601000071e+09
1.369708479809999943e+09
1.369708480019000053e+09
1.369708480227999926e+09
1.369708480437000036e+09
1.369708480645999908e+09
1.369708480855000019e+09
1.369708481063999891e+09
1.369708481273000002e+09
1.369708481482000113e+09
1.369708481690999985e+09
1.369708481900000095e+09
1.369708482108999968e+09
1.369708482318000078e+09
1.369708482526999950e+09
1.369708482736000061e+09
1.369708482944999933e+09
1.369708483154000044e+09
1.369708483362999916e+09
1.369708483572000027e+09
1.369708483780999899e+09
1.369708483990000010e+09
1.369708484198999882e+09
1.369708484407999992e+09
1.369708484617000103e+09
1.369708484825999975e+09
1.369708485035000086e+09
1.369708485243999958e+09
1.369708485453000069e+09
1.369708485661999941e+09
1.369708485871000051e+09
1.369708486079999924e+09
1.369708486289000034e+09
1.369708486497999907e+09
1.369708486707000017e+09
1.369708486915999889e+09
1.369708487125000000e+09
1.369708487334000111e+09
1.369708487542999983e+09
1.369708487752000093e+09
1.369708487960999966e+09
1.369708488170000076e+09
1.369708488378999949e+09
1.369708488588000059e+09
1.369708488796999931e+09
1.369708489006000042e+09
1.369708489214999914e+09
1.369708489424000025e+09
1.369708489632999897e+09
1.369708489842999935e+09
1.369708490052000046e+09
1.369708490260999918e+09
1.369708490470000029e+09
1.369708490678999901e+09
1.369708490888000011e+09
1.369708491096999884e+09
1.369708491305999994e+09
1.369708491515000105e+09
1.369708491723999977e+09
1.369708491933000088e+09
1.369708492141999960e+09
1.369708492351000071e+09
1.369708492559999943e+09
1.369708492769999981e+09
1.369708492979000092e+09
1.369708493187999964e+09
1.369708493397000074e+09
1.369708493605999947e+09
1.369708493815999985e+09
1.369708494025000095e+09
1.369708494233999968e+09
1.369708494443000078e+09
1.369708494651999950e+09
1.369708494861000061e+09
1.369708495071000099e+09
1.369708495279999971e+09
1.369708495489000082e+09
1.369708495697999954e+09
1.369708495907000065e+09
1.369708496115999937e+09
1.369708496325000048e+09
1.369708496533999920e+09
1.369708496743000031e+09
1.369708496951999903e+09
1.369708497161000013e+09
1.369708497369999886e+09
1.369708497578999996e+09
1.369708497789000034e+09
1.369708497997999907e+09
1.369708498207000017e+09
1.369708498415999889e+09
1.369708498625999928e+09
1.369708498835000038e+09
1.369708499043999910e+09
1.369708499253000021e+09
1.369708499461999893e+09
1.369708499671000004e+09
1.369708499880000114e+09
1.369708500088999987e+09
1.369708500298000097e+09
1.369708500506999969e+09
1.369708500716000080e+09
1.369708500924999952e+09
1.369708501134999990e+09
1.369708501344000101e+09
1.369708501552999973e+09
1.369708501762000084e+09
1.369708501970999956e+09
1.369708502180000067e+09
1.369708502388999939e+09
1.369708502598000050e+09
1.369708502806999922e+09
1.369708503016000032e+09
1.369708503224999905e+09
1.369708503434000015e+09
1.369708503642999887e+09
1.369708503851999998e+09
1.369708504061000109e+09
1.369708504269999981e+09
1.369708504479000092e+09
1.369708504687999964e+09
1.369708504897000074e+09
1.369708505105999947e+09
1.369708505315000057e+09
1.369708505523999929e+09
1.369708505733000040e+09
1.369708505941999912e+09
1.369708506151000023e+09
1.369708506361000061e+09
1.369708506569999933e+09
1.369708506779000044e+09
1.369708506987999916e+09
1.369708507197000027e+09
1.369708507405999899e+09
1.369708507615000010e+09
1.369708507823999882e+09
1.369708508032999992e+09
1.369708508243000031e+09
1.369708508451999903e+09
1.369708508661000013e+09
1.369708508869999886e+09
1.369708509078999996e+09
1.369708509288000107e+09
1.369708509496999979e+09
1.369708509707000017e+09
1.369708509915999889e+09
1.369708510125000000e+09
1.369708510334000111e+09
1.369708510542999983e+09
1.369708510752000093e+09
1.369708510960999966e+09
1.369708511170000076e+09
1.369708511378999949e+09
1.369708511588000059e+09
1.369708511796999931e+09
1.369708512006000042e+09
1.369708512214999914e+09
1.369708512424000025e+09
1.369708512632999897e+09
1.369708512842000008e+09
1.369708513051000118e+09
1.369708513259999990e+09
1.369708513469000101e+09
1.369708513677999973e+09
1.369708513887000084e+09
1.369708514095999956e+09
1.369708514305000067e+09
1.369708514513999939e+09
1.369708514723000050e+09
1.369708514931999922e+09
1.369708515141999960e+09
1.369708515351000071e+09
1.369708515559999943e+09
1.369708515769000053e+09
1.369708515977999926e+09
1.369708516187000036e+09
1.369708516397000074e+09
1.369708516605999947e+09
1.369708516815000057e+09
1.369708517023999929e+09
1.369708517233000040e+09
1.369708517441999912e+09
1.369708517651999950e+09
1.369708517861000061e+09
1.369708518069999933e+09
1.369708518279000044e+09
1.369708518489000082e+09
1.369708518697999954e+09
1.369708518907000065e+09
1.369708519115999937e+09
1.369708519325000048e+09
1.369708519533999920e+09
1.369708519743000031e+09
1.369708519951999903e+09
1.369708520161000013e+09
1.369708520369999886e+09
1.369708520578999996e+09
1.369708520786999941e+09
1.369708520996000051e+09
1.369708521204999924e+09
1.369708521414000034e+09
1.369708521622999907e+09
1.369708521832000017e+09
1.369708522042000055e+09
1.369708522250999928e+09
1.369708522460000038e+09
1.369708522670000076e+09
1.369708522880000114e+09
1.369708523088999987e+09
1.369708523299000025e+09
1.369708523509000063e+09
1.369708523717999935e+09
1.369708523927999973e+09
1.369708524138000011e+09
1.369708524348000050e+09
1.369708524556999922e+09
1.369708524766999960e+09
1.369708524976000071e+09
1.369708525186000109e+09
1.369708525394999981e+09
1.369708525605000019e+09
1.369708525813999891e+09
1.369708526023000002e+09
1.369708526232000113e+09
1.369708526650000095e+09
1.369708527066999912e+09
1.369708527484999895e+09
1.369708530410000086e+09
1.369708530826999903e+09
1.369708531243999958e+09
1.369708531661000013e+09
1.369708532078999996e+09
1.369708532288000107e+09
1.369708532497999907e+09
1.369708532707999945e+09
1.369708532917000055e+09
1.369708533127000093e+09
1.369708533336999893e+09
1.369708533546000004e+09
1.369708533756000042e+09
1.369708533964999914e+09
1.369708534174000025e+09
1.369708534382999897e+09
1.369708534592999935e+09
1.369708534802000046e+09
1.369708535010999918e+09
1.369708535220000029e+09
1.369708535428999901e+09
1.369708535638000011e+09
1.369708535846999884e+09
1.369708536055999994e+09
1.369708536265000105e+09
1.369708536473999977e+09
1.369708536683000088e+09
1.369708536892999887e+09
1.369708537101999998e+09
1.369708537311000109e+09
1.369708537519999981e+09
1.369708537729000092e+09
1.369708537937999964e+09
1.369708538147000074e+09
1.369708538355999947e+09
1.369708538565999985e+09
1.369708538775000095e+09
1.369708538983999968e+09
1.369708539193000078e+09
1.369708539401999950e+09
1.369708539611000061e+09
1.369708539821000099e+09
1.369708540029999971e+09
1.369708540239000082e+09
1.369708540447999954e+09
1.369708540657000065e+09
1.369708540865999937e+09
1.369708541075000048e+09
1.369708541285000086e+09
1.369708541493000031e+09
1.369708541701999903e+09
1.369708541911000013e+09
1.369708542118999958e+09
1.369708542328000069e+09
1.369708542536999941e+09
1.369708542746000051e+09
1.369708542953999996e+09
1.369708543163000107e+09
1.369708543371999979e+09
1.369708543581000090e+09
1.369708543789999962e+09
1.369708543999000072e+09
1.369708544207999945e+09
1.369708544417000055e+09
1.369708544627000093e+09
1.369708544835999966e+09
1.369708545045000076e+09
1.369708545255000114e+09
1.369708545463999987e+09
1.369708545673000097e+09
1.369708545881999969e+09
1.369708546092000008e+09
1.369708546301000118e+09
1.369708546510999918e+09
1.369708546720999956e+09
1.369708546930000067e+09
1.369708547349999905e+09
1.369708547769000053e+09
1.369708548187000036e+09
1.369708548605000019e+09
1.369708549023000002e+09
1.369708549440999985e+09
1.369708549858000040e+09
1.369708550275000095e+09
1.369708550693000078e+09
1.369708551111000061e+09
1.369708551529000044e+09
1.369708551947000027e+09
1.369708552575000048e+09
