1369707857.0930
1369707858.3490
1369707858.5580
1369707858.7670
1369707858.9770
1369707859.1860
1369707859.3950
1369707859.6040
1369707859.8130
1369707860.0230
1369707860.2320
1369707860.4410
1369707860.6510
1369707860.8600
1369707861.0690
1369707861.2780
1369707861.4880
1369707861.6970
1369707861.9060
1369707862.1150
1369707862.3250
1369707862.5340
1369707862.7430
1369707862.9520
1369707863.1620
1369707863.3710
1369707863.5800
1369707863.7890
1369707863.9990
1369707864.2080
1369707864.4170
1369707864.6260
1369707864.8350
1369707865.0450
1369707865.2540
1369707865.4630
1369707865.6720
1369707865.8820
1369707866.0910
1369707866.3000
1369707866.5090
1369707866.7180
1369707866.9270
1369707867.1360
1369707867.3450
1369707867.5530
1369707867.7620
1369707867.9710
1369707868.1800
1369707868.3890
1369707868.5980
1369707868.8070
1369707869.0170
1369707869.2260
1369707869.4350
1369707869.6440
1369707869.8540
1369707870.0630
1369707870.2730
1369707870.4820
1369707870.6920
1369707870.9010
1369707871.1110
1369707871.3200
1369707871.5300
1369707871.7390
1369707871.9490
1369707872.1580
1369707872.3680
1369707872.5770
1369707872.7860
1369707872.9960
1369707873.2050
1369707873.4140
1369707873.6230
1369707873.8320
1369707874.0410
1369707874.2510
1369707874.4600
1369707874.6690
1369707874.8780
1369707875.0870
1369707875.2960
1369707875.5060
1369707875.7150
1369707875.9240
1369707876.1330
1369707876.3420
1369707876.5510
1369707876.7610
1369707876.9700
1369707877.1790
1369707877.3880
1369707877.5970
1369707877.8060
1369707878.0150
1369707878.2250
1369707878.4340
1369707878.6430
1369707878.8510
1369707879.0600
1369707879.2700
1369707879.4790
1369707879.6880
1369707879.8970
1369707880.1060
1369707880.3160
1369707880.5250
1369707880.7340
1369707880.9440
1369707881.1530
1369707881.3620
1369707881.5710
1369707881.7810
1369707881.9900
1369707882.1990
1369707882.4080
1369707882.6180
1369707882.8270
1369707883.0360
1369707883.2450
1369707883.4540
1369707883.6630
1369707883.8720
1369707884.0810
1369707884.2900
1369707884.4990
1369707884.7080
1369707884.9170
1369707885.1260
1369707885.3360
1369707885.5450
1369707885.7540
1369707885.9630
1369707886.1720
1369707886.3810
1369707886.5900
1369707886.8000
1369707887.0090
1369707887.2180
1369707887.4270
1369707887.6360
1369707887.8450
1369707888.0540
1369707888.2640
1369707888.4730
1369707888.6820
1369707888.8910
1369707889.1010
1369707889.3100
1369707889.5190
1369707889.7290
1369707889.9380
1369707890.1470
1369707890.3570
1369707890.5660
1369707890.7760
1369707890.9850
1369707891.1950
1369707891.4040
1369707891.6130
1369707891.8230
1369707892.0320
1369707892.2410
1369707892.4510
1369707892.6600
1369707892.8690
1369707893.0790
1369707893.2880
1369707893.4970
1369707893.7060
1369707893.9150
1369707894.1240
1369707894.3320
1369707894.5410
1369707894.7500
1369707894.9590
1369707895.1680
1369707895.3770
1369707895.5860
1369707895.7960
1369707896.0050
1369707896.2140
1369707896.4230
1369707896.6330
1369707896.8420
1369707897.0510
1369707897.2600
1369707897.4690
1369707897.6780
1369707897.8870
1369707898.0960
1369707898.3060
1369707898.5150
1369707898.7240
1369707898.9330
1369707899.1420
1369707899.3510
1369707899.5600
1369707899.7690
1369707899.9780
1369707900.1880
1369707900.3970
1369707900.6060
1369707900.8160
1369707901.0250
1369707901.2340
1369707901.4430
1369707901.6520
1369707901.8620
1369707902.0710
1369707902.2800
1369707902.4890
1369707902.6980
1369707902.9070
1369707903.1160
1369707903.3250
1369707903.5340
1369707903.7430
1369707903.9520
1369707904.1610
1369707904.3700
1369707904.5790
1369707904.7890
1369707904.9980
1369707905.2070
1369707905.4170
1369707905.6260
1369707905.8360
1369707906.0450
1369707906.2540
1369707906.4630
1369707906.6730
1369707906.8820
1369707907.0910
1369707907.3010
1369707907.5100
1369707907.7190
1369707907.9290
1369707908.1380
1369707908.3470
1369707908.5560
1369707908.7650
1369707908.9750
1369707909.1840
1369707909.3930
1369707909.6020
1369707909.8110
1369707910.0200
1369707910.2290
1369707910.4380
1369707910.6480
1369707910.8570
1369707911.0660
1369707911.2750
1369707911.4840
1369707911.6930
1369707911.9020
1369707912.1110
1369707912.3200
1369707912.5290
1369707912.7390
1369707912.9480
1369707913.1580
1369707913.3670
1369707913.5770
1369707913.7860
1369707913.9960
1369707914.2050
1369707914.4140
1369707914.6240
1369707914.8330
1369707915.0420
1369707915.2510
1369707915.4600
1369707915.6690
1369707915.8780
1369707916.0870
1369707916.2960
1369707916.5050
1369707916.7140
1369707916.9230
1369707917.1320
1369707917.3410
1369707917.5500
1369707917.7590
1369707917.9690
1369707918.1780
1369707918.3870
1369707918.5960
1369707918.8050
1369707919.0140
1369707919.2230
1369707919.4320
1369707919.6420
1369707919.8510
1369707920.0600
1369707920.2690
1369707920.4780
1369707920.6870
1369707920.8960
1369707921.1060
1369707921.3150
1369707921.5240
1369707921.7330
1369707921.9420
1369707922.1510
1369707922.3600
1369707922.5690
1369707922.7780
1369707922.9870
1369707923.1970
1369707923.4060
1369707923.6150
1369707923.8240
1369707924.0330
1369707924.2420
1369707924.4510
1369707924.6600
1369707924.8690
1369707925.0790
1369707925.2880
1369707925.4970
1369707925.7060
1369707925.9150
1369707926.1250
1369707926.3340
1369707926.5440
1369707926.7530
1369707926.9630
1369707927.1730
1369707927.3830
1369707927.5920
1369707927.8010
1369707928.0100
1369707928.2190
1369707928.4280
1369707928.6370
1369707928.8460
1369707929.0540
1369707929.2630
1369707929.4720
1369707929.6810
1369707929.8900
1369707930.0990
1369707930.3090
1369707930.5180
1369707930.7270
1369707930.9370
1369707931.1460
1369707931.3550
1369707931.5650
1369707931.7740
1369707931.9830
1369707932.1930
1369707932.4020
1369707933.2380
1369707935.9580
1369707936.1670
1369707936.3760
1369707936.5850
1369707936.7940
1369707937.0030
1369707937.2120
1369707937.4210
1369707937.6310
1369707937.8400
1369707938.0500
1369707938.2590
1369707938.4680
1369707938.6780
1369707938.8870
1369707939.0960
1369707939.3050
1369707939.5150
1369707939.7240
1369707939.9330
1369707940.1410
1369707940.3500
1369707940.5600
1369707940.7690
1369707940.9780
1369707941.1870
1369707941.3960
1369707941.6050
1369707941.8140
1369707942.0230
1369707942.2330
1369707942.4420
1369707942.6510
1369707942.8600
1369707943.0690
1369707943.2780
1369707943.4880
1369707943.6970
1369707943.9060
1369707944.1150
1369707944.3240
1369707944.5330
1369707944.7430
1369707944.9520
1369707945.1610
1369707945.3700
1369707945.5790
1369707945.7880
1369707945.9970
1369707946.2070
1369707946.4160
1369707946.6250
1369707953.5290
1369707954.9910
1369707955.1990
1369707955.4080
1369707955.6170
1369707955.8260
1369707956.0350
1369707956.2440
1369707956.4530
1369707956.6620
1369707956.8710
1369707957.0810
1369707957.2910
1369707957.5000
1369707957.7100
1369707957.9200
1369707958.1300
1369707958.3400
1369707958.5490
1369707958.7590
1369707958.9680
1369707959.1780
1369707959.3870
1369707959.5960
1369707959.8060
1369707960.0150
1369707960.2240
1369707960.4340
1369707960.6430
1369707960.8520
1369707961.0610
1369707961.2710
1369707961.4800
1369707961.6890
1369707961.8980
1369707962.1070
1369707962.3160
1369707962.5250
1369707962.7340
1369707962.9430
1369707963.1520
1369707963.3600
1369707963.5700
1369707963.7780
1369707963.9870
1369707964.1960
1369707964.4050
1369707964.6140
1369707964.8230
1369707965.0320
1369707965.2420
1369707965.4510
1369707965.6600
1369707965.8700
1369707966.0790
1369707966.2880
1369707966.4980
1369707966.7070
1369707966.9160
1369707967.1260
1369707967.3350
1369707967.5440
1369707967.7530
1369707967.9620
1369707968.1710
1369707968.3800
1369707968.5890
1369707968.7980
1369707969.0070
1369707969.2170
1369707969.4260
1369707969.6350
1369707969.8440
1369707970.0530
1369707970.2620
1369707970.4710
1369707970.6800
1369707970.8900
1369707971.0990
1369707971.3080
1369707971.5170
1369707971.7260
1369707971.9350
1369707972.1450
1369707972.3540
1369707972.5630
1369707972.7720
1369707972.9810
1369707973.1900
1369707973.3990
1369707973.6090
1369707973.8180
1369707974.0270
1369707974.2360
1369707974.4450
1369707974.6540
1369707974.8630
1369707975.0720
1369707975.2810
1369707975.4900
1369707975.6990
1369707975.9080
1369707976.3250
1369707976.5340
1369707976.7440
1369707976.9530
1369707977.1620
1369707977.3710
1369707977.5800
1369707977.7890
1369707977.9980
1369707978.2070
1369707978.4160
1369707978.6250
1369707978.8340
1369707979.0430
1369707979.2520
1369707979.4610
1369707979.6710
1369707979.8800
1369707980.0890
1369707980.2980
1369707980.5070
1369707980.7160
1369707980.9250
1369707981.1340
1369707981.3430
1369707981.5520
1369707981.7610
1369707981.9700
1369707982.1800
1369707982.3890
1369707982.5980
1369707982.8070
1369707983.0160
1369707983.2250
1369707983.4340
1369707983.6430
1369707983.8520
1369707984.0610
1369707984.2700
1369707984.4790
1369707984.6880
1369707984.8970
1369707985.1060
1369707985.3150
1369707985.5240
1369707985.7330
1369707985.9420
1369707986.1510
1369707986.3600
1369707986.5690
1369707986.7790
1369707986.9880
1369707987.1970
1369707987.4060
1369707987.6150
1369707987.8240
1369707988.0330
1369707988.2420
1369707988.4510
1369707988.6600
1369707988.8690
1369707989.0790
1369707989.2880
1369707989.4970
1369707989.7060
1369707989.9150
1369707990.1240
1369707990.3330
1369707990.5420
1369707990.7510
1369707990.9600
1369707991.1690
1369707991.3780
1369707991.5870
1369707991.7960
1369707992.0050
1369707992.2140
1369707992.4230
1369707992.6320
1369707992.8410
1369707993.0500
1369707993.2600
1369707993.4690
1369707993.6780
1369707993.8870
1369707994.0960
1369707994.3050
1369707994.5140
1369707994.7230
1369707994.9320
1369707995.1410
1369707995.3510
1369707995.5600
1369707995.7690
1369707995.9780
1369707996.1870
1369707996.3960
1369707996.6050
1369707996.8140
1369707997.0230
1369707997.2320
1369707997.4420
1369707997.6510
1369707997.8600
1369707998.0690
1369707998.2780
1369707998.4870
1369707998.6960
1369707998.9050
1369707999.1140
1369707999.3240
1369707999.5330
1369707999.7420
1369707999.9510
1369708000.1600
1369708000.3690
1369708000.5780
1369708000.7880
1369708000.9970
1369708001.2060
1369708001.4150
1369708001.6240
1369708001.8330
1369708002.0420
1369708002.2510
1369708002.4600
1369708002.6690
1369708002.8780
1369708003.0870
1369708003.2960
1369708003.5050
1369708003.7150
1369708003.9240
1369708004.1330
1369708004.3420
1369708004.5510
1369708004.7600
1369708004.9700
1369708005.1790
1369708005.3880
1369708005.5970
1369708005.8060
1369708006.0150
1369708006.2240
1369708006.4330
1369708006.6420
1369708006.8510
1369708007.0590
1369708007.2680
1369708007.4770
1369708007.6850
1369708007.8940
1369708008.3110
1369708008.5200
1369708008.7290
1369708008.9380
1369708009.1470
1369708009.3560
1369708009.5650
1369708009.7740
1369708009.9830
1369708010.1930
1369708010.4020
1369708010.6120
1369708010.8210
1369708011.0300
1369708011.2390
1369708011.4480
1369708011.6580
1369708011.8670
1369708012.0760
1369708012.2850
1369708012.4940
1369708012.7030
1369708012.9130
1369708013.1220
1369708013.3310
1369708013.5400
1369708013.7490
1369708013.9580
1369708014.1680
1369708014.3770
1369708014.5860
1369708014.7950
1369708015.0040
1369708015.2130
1369708015.4230
1369708015.6320
1369708015.8410
1369708016.0500
1369708016.2590
1369708016.4680
1369708016.6770
1369708016.8860
1369708017.0950
1369708017.3040
1369708017.5130
1369708017.7220
1369708017.9310
1369708018.1400
1369708018.3490
1369708018.5590
1369708018.7680
1369708018.9770
1369708019.1860
1369708019.3950
1369708019.6040
1369708019.8140
1369708020.0230
1369708020.2320
1369708020.4410
1369708020.6500
1369708020.8590
1369708021.0680
1369708021.2780
1369708021.4870
1369708021.6960
1369708021.9050
1369708022.1140
1369708022.3230
1369708022.5320
1369708022.7410
1369708022.9500
1369708023.1590
1369708023.3680
1369708023.5770
1369708023.7860
1369708023.9950
1369708024.2040
1369708024.4130
1369708024.6210
1369708024.8300
1369708025.0390
1369708025.2480
1369708025.4560
1369708025.6650
1369708025.8740
1369708026.0830
1369708026.2920
1369708026.5020
1369708026.7110
1369708026.9200
1369708027.1290
1369708027.3380
1369708027.5480
1369708027.7570
1369708027.9660
1369708028.1760
1369708028.3850
1369708028.5950
1369708028.8040
1369708029.0140
1369708029.2230
1369708029.4330
1369708029.6420
1369708029.8510
1369708030.0600
1369708030.2700
1369708030.4790
1369708030.6880
1369708030.8970
1369708031.1060
1369708031.3150
1369708031.5240
1369708031.7330
1369708031.9420
1369708032.1510
1369708032.3600
1369708032.5690
1369708032.7780
1369708032.9880
1369708033.1970
1369708033.4060
1369708033.6150
1369708033.8240
1369708034.0330
1369708034.2420
1369708034.4510
1369708034.6600
1369708034.8690
1369708035.0780
1369708035.2870
1369708035.4960
1369708035.7050
1369708035.9140
1369708036.1230
1369708036.3320
1369708036.5410
1369708036.7500
1369708036.9600
1369708037.1690
1369708037.3780
1369708037.5870
1369708037.7960
1369708038.0050
1369708038.2140
1369708038.4230
1369708038.6320
1369708038.8420
1369708039.0510
1369708039.2600
1369708039.4690
1369708039.6780
1369708039.8870
1369708040.0960
1369708040.3050
1369708040.5140
1369708040.7240
1369708040.9330
1369708041.1420
1369708041.3510
1369708041.5600
1369708041.7690
1369708041.9780
1369708042.1870
1369708042.3960
1369708042.6050
1369708042.8140
1369708043.0230
1369708043.2320
1369708043.4410
1369708043.6500
1369708043.8590
1369708044.0680
1369708044.2770
1369708044.4870
1369708044.6960
1369708044.9050
1369708045.1140
1369708045.3230
1369708045.5320
1369708045.7410
1369708045.9500
1369708046.1590
1369708046.3680
1369708046.5770
1369708046.7870
1369708046.9960
1369708047.2050
1369708047.4140
1369708047.6230
1369708047.8320
1369708048.0410
1369708048.2500
1369708048.4590
1369708048.6680
1369708048.8780
1369708049.0870
1369708049.2960
1369708049.5050
1369708049.7140
1369708049.9230
1369708050.1330
1369708050.3420
1369708050.5520
1369708050.7610
1369708050.9710
1369708051.1800
1369708051.3900
1369708051.5990
1369708051.8080
1369708052.0180
1369708052.2270
1369708052.4360
1369708052.6450
1369708052.8530
1369708053.0620
1369708053.2710
1369708053.4800
1369708053.6890
1369708053.8980
1369708054.1070
1369708054.3160
1369708054.5250
1369708054.7340
1369708054.9430
1369708055.1520
1369708055.3610
1369708055.5700
1369708055.7790
1369708055.9890
1369708056.1980
1369708056.4070
1369708056.6160
1369708056.8250
1369708057.0340
1369708057.2430
1369708057.4520
1369708057.6620
1369708057.8710
1369708058.0800
1369708058.2890
1369708058.4980
1369708058.7070
1369708058.9160
1369708059.1250
1369708059.3340
1369708059.5440
1369708059.7530
1369708059.9620
1369708060.1710
1369708060.3800
1369708060.5890
1369708060.7980
1369708061.0070
1369708061.2160
1369708061.4250
1369708061.6340
1369708061.8430
1369708062.0520
1369708062.2610
1369708062.4700
1369708062.6790
1369708062.8880
1369708063.0970
1369708063.3060
1369708063.5150
1369708063.7240
1369708063.9330
1369708064.1430
1369708064.3520
1369708064.5610
1369708064.7700
1369708064.9790
1369708065.1880
1369708065.3980
1369708065.6070
1369708065.8160
1369708066.0260
1369708066.2350
1369708066.4440
1369708066.6540
1369708066.8630
1369708067.0720
1369708067.2810
1369708067.4910
1369708067.7000
1369708067.9090
1369708068.1180
1369708068.3270
1369708068.5360
1369708068.7450
1369708068.9540
1369708069.1630
1369708069.3730
1369708069.5820
1369708069.7910
1369708070.0000
1369708070.2090
1369708070.4180
1369708070.6270
1369708070.8360
1369708071.0450
1369708071.2550
1369708071.4640
1369708071.6730
1369708071.8820
1369708072.0920
1369708072.3010
1369708072.5110
1369708072.7210
1369708072.9300
1369708073.1400
1369708073.3490
1369708073.5580
1369708073.7670
1369708073.9760
1369708074.1850
1369708074.3940
1369708074.6030
1369708074.8120
1369708075.0210
1369708075.2300
1369708075.4390
1369708075.6480
1369708075.8570
1369708076.0660
1369708076.2750
1369708076.4830
1369708076.6920
1369708076.9010
1369708077.1100
1369708077.3190
1369708077.5280
1369708077.7370
1369708077.9460
1369708078.1550
1369708078.3640
1369708078.5730
1369708078.7820
1369708078.9910
1369708079.2000
1369708079.4090
1369708079.6190
1369708079.8280
1369708080.0370
1369708080.2460
1369708080.4560
1369708080.6650
1369708080.8740
1369708081.0830
1369708081.2930
1369708081.5020
1369708081.7110
1369708081.9200
1369708082.1280
1369708082.3370
1369708082.5450
1369708082.7540
1369708082.9620
1369708083.1700
1369708083.3790
1369708083.5880
1369708083.7970
1369708084.0060
1369708084.2150
1369708084.4240
1369708084.6340
1369708084.8430
1369708085.0520
1369708085.2610
1369708085.4700
1369708085.6790
1369708085.8880
1369708086.0970
1369708086.3050
1369708086.5140
1369708086.7230
1369708086.9320
1369708087.1410
1369708087.3500
1369708087.5580
1369708087.7670
1369708087.9760
1369708088.1860
1369708088.3950
1369708088.6050
1369708088.8150
1369708089.0250
1369708089.2350
1369708089.4450
1369708089.6550
1369708089.8650
1369708090.0750
1369708090.2850
1369708090.4950
1369708090.7040
1369708090.9140
1369708091.1230
1369708091.3320
1369708091.5410
1369708091.7500
1369708091.9580
1369708092.1670
1369708092.3760
1369708092.5840
1369708092.7930
1369708093.0020
1369708093.2110
1369708093.4200
1369708093.6290
1369708093.8380
1369708094.0470
1369708094.2560
1369708094.4650
1369708094.6740
1369708094.8830
1369708095.0930
1369708095.3020
1369708095.5120
1369708095.7210
1369708095.9300
1369708096.1400
1369708096.3490
1369708096.5590
1369708096.7680
1369708096.9780
1369708097.1870
1369708097.3960
1369708097.6050
1369708097.8140
1369708098.0230
1369708098.2320
1369708098.4420
1369708098.6510
1369708098.8590
1369708099.0680
1369708099.2770
1369708099.4860
1369708099.6950
1369708099.9040
1369708100.1120
1369708100.3210
1369708100.5300
1369708100.7390
1369708100.9470
1369708101.1560
1369708101.3650
1369708101.5740
1369708101.7830
1369708101.9920
1369708102.2010
1369708102.4100
1369708102.6190
1369708102.8280
1369708103.0370
1369708103.2460
1369708103.4550
1369708103.6640
1369708103.8730
1369708104.0820
1369708104.2910
1369708104.5000
1369708104.7090
1369708104.9180
1369708105.1270
1369708105.3360
1369708105.5450
1369708105.7540
1369708105.9630
1369708106.1720
1369708106.3820
1369708106.5910
1369708106.8010
1369708107.0100
1369708107.2200
1369708107.4290
1369708107.6390
1369708107.8480
1369708108.0570
1369708108.2660
1369708108.4760
1369708108.6850
1369708108.8940
1369708109.1040
1369708109.3130
1369708109.5220
1369708109.7310
1369708109.9400
1369708110.1490
1369708110.3570
1369708110.5660
1369708110.7750
1369708110.9830
1369708111.1920
1369708111.4010
1369708111.6090
1369708111.8180
1369708112.0270
1369708112.2360
1369708112.4450
1369708112.6540
1369708112.8630
1369708113.0720
1369708113.2810
1369708113.4900
1369708113.6990
1369708113.9080
1369708114.1180
1369708114.3270
1369708114.5360
1369708114.7450
1369708114.9540
1369708115.1630
1369708115.3730
1369708115.5820
1369708115.7910
1369708116.0010
1369708116.2100
1369708116.4190
1369708116.6280
1369708116.8370
1369708117.0460
1369708117.2550
1369708117.4630
1369708117.6720
1369708117.8800
1369708118.0880
1369708118.2960
1369708118.5050
1369708118.7140
1369708118.9220
1369708119.1310
1369708119.3400
1369708119.5490
1369708119.7580
1369708119.9670
1369708120.1760
1369708120.3850
1369708120.5940
1369708120.8030
1369708121.0120
1369708121.2210
1369708121.4300
1369708121.6390
1369708121.8470
1369708122.0570
1369708122.2660
1369708122.4750
1369708122.6840
1369708122.8930
1369708123.1030
1369708123.3120
1369708123.5220
1369708123.7320
1369708123.9420
1369708124.1520
1369708124.3620
1369708124.5720
1369708124.7820
1369708124.9920
1369708125.2020
1369708125.4110
1369708125.6210
1369708125.8300
1369708126.0390
1369708126.2480
1369708126.4570
1369708126.6650
1369708126.8740
1369708127.0830
1369708127.2920
1369708127.5010
1369708127.7100
1369708127.9190
1369708128.1280
1369708128.3370
1369708128.5460
1369708128.7550
1369708128.9640
1369708129.1730
1369708129.3820
1369708129.5910
1369708129.8000
1369708130.0100
1369708130.2190
1369708130.4280
1369708130.6380
1369708130.8470
1369708131.0570
1369708131.2660
1369708131.4760
1369708131.6850
1369708131.8940
1369708132.1040
1369708132.3130
1369708132.5220
1369708132.7310
1369708132.9400
1369708133.1490
1369708133.3580
1369708133.5670
1369708133.7760
1369708133.9840
1369708134.1930
1369708134.4020
1369708134.6110
1369708134.8200
1369708135.0280
1369708135.2370
1369708135.4450
1369708135.6540
1369708135.8630
1369708136.0710
1369708136.2800
1369708136.4880
1369708136.6970
1369708136.9050
1369708137.1140
1369708137.3230
1369708137.5310
1369708137.7400
1369708137.9490
1369708138.1580
1369708138.3670
1369708138.5760
1369708138.7850
1369708138.9940
1369708139.2030
1369708139.4120
1369708139.6210
1369708139.8310
1369708140.0400
1369708140.2500
1369708140.4590
1369708140.6680
1369708140.8780
1369708141.0870
1369708141.2960
1369708141.5060
1369708141.7150
1369708141.9240
1369708142.1330
1369708142.3420
1369708142.5510
1369708142.7590
1369708142.9680
1369708143.1770
1369708143.3860
1369708143.5950
1369708143.8040
1369708144.0130
1369708144.2230
1369708144.4320
1369708144.6410
1369708144.8500
1369708145.0590
1369708145.2690
1369708145.4780
1369708145.6870
1369708145.8970
1369708146.1060
1369708146.3150
1369708146.5240
1369708146.7330
1369708146.9420
1369708147.1510
1369708147.3600
1369708147.5700
1369708147.7790
1369708147.9880
1369708148.1970
1369708148.4060
1369708148.6150
1369708148.8240
1369708149.0330
1369708149.2420
1369708149.4520
1369708149.6610
1369708149.8700
1369708150.0800
1369708150.2900
1369708150.4990
1369708150.7080
1369708150.9180
1369708151.1270
1369708151.3360
1369708151.5450
1369708151.7540
1369708151.9630
1369708152.1720
1369708152.3810
1369708152.5890
1369708152.7980
1369708153.0060
1369708153.2150
1369708153.4230
1369708153.6320
1369708153.8400
1369708154.0490
1369708154.2580
1369708154.4660
1369708154.6750
1369708154.8840
1369708155.0930
1369708155.3020
1369708155.5110
1369708155.7200
1369708155.9290
1369708156.1380
1369708156.3470
1369708156.5570
1369708156.7660
1369708156.9750
1369708157.1840
1369708157.3930
1369708157.6030
1369708157.8120
1369708158.0210
1369708158.2300
1369708158.4390
1369708158.6480
1369708158.8570
1369708159.0660
1369708159.2750
1369708159.4840
1369708159.6940
1369708159.9040
1369708160.1140
1369708160.3230
1369708160.5330
1369708160.7430
1369708160.9520
1369708161.1620
1369708161.3710
1369708161.5810
1369708161.7900
1369708161.9990
1369708162.2080
1369708162.4170
1369708162.6260
1369708162.8360
1369708163.0440
1369708163.2530
1369708163.4620
1369708163.6710
1369708163.8800
1369708164.0890
1369708164.2980
1369708164.5070
1369708164.7160
1369708164.9250
1369708165.1340
1369708165.3430
1369708165.5520
1369708165.7610
1369708165.9700
1369708166.1790
1369708166.3880
1369708166.5970
1369708166.8060
1369708167.0160
1369708167.2250
1369708167.4340
1369708167.6430
1369708167.8520
1369708168.0610
1369708168.2700
1369708168.4800
1369708168.6890
1369708168.8980
1369708169.1070
1369708169.3160
1369708169.5250
1369708169.7340
1369708169.9430
1369708170.1510
1369708170.3600
1369708170.5690
1369708170.7780
1369708170.9870
1369708171.1960
1369708171.4050
1369708171.6140
1369708171.8230
1369708172.0320
1369708172.2410
1369708172.4500
1369708172.6590
1369708172.8680
1369708173.0770
1369708173.2860
1369708173.4950
1369708173.7030
1369708173.9120
1369708174.1210
1369708174.3300
1369708174.5390
1369708174.7480
1369708174.9570
1369708175.1650
1369708175.3740
1369708175.5830
1369708175.7920
1369708176.0010
1369708176.2100
1369708176.4190
1369708176.6290
1369708176.8380
1369708177.0470
1369708177.2570
1369708177.4660
1369708177.6750
1369708177.8850
1369708178.0940
1369708178.3030
1369708178.5120
1369708178.7210
1369708178.9300
1369708179.1390
1369708179.3480
1369708179.5560
1369708179.7650
1369708179.9740
1369708180.1830
1369708180.3920
1369708180.6010
1369708180.8100
1369708181.0190
1369708181.2280
1369708181.4370
1369708181.6460
1369708181.8550
1369708182.0640
1369708182.2730
1369708182.4820
1369708182.6910
1369708182.9000
1369708183.1090
1369708183.3180
1369708183.5270
1369708183.7360
1369708183.9450
1369708184.1540
1369708184.3630
1369708184.5730
1369708184.7820
1369708184.9910
1369708185.2000
1369708185.4090
1369708185.6180
1369708185.8270
1369708186.0350
1369708186.2440
1369708186.4530
1369708186.6620
1369708186.8700
1369708187.0790
1369708187.2870
1369708187.4960
1369708187.7040
1369708187.9120
1369708188.1210
1369708188.3300
1369708188.5380
1369708188.7470
1369708188.9560
1369708189.1650
1369708189.3730
1369708189.5830
1369708189.7920
1369708190.0010
1369708190.2110
1369708190.4200
1369708192.5160
1369708192.7250
1369708192.9340
1369708193.1430
1369708193.3520
1369708193.5610
1369708193.7700
1369708193.9790
1369708195.0250
1369708196.6970
1369708198.3660
1369708198.5750
1369708198.7840
1369708198.9930
1369708199.2030
1369708199.4120
1369708199.6220
1369708199.8310
1369708200.0410
1369708200.2500
1369708200.4590
1369708200.6690
1369708200.8780
1369708201.0870
1369708201.2970
1369708201.5060
1369708201.7150
1369708201.9250
1369708202.1340
1369708202.3430
1369708202.5520
1369708202.7620
1369708202.9710
1369708203.1800
1369708203.3890
1369708203.5980
1369708203.8060
1369708204.0150
1369708204.2240
1369708204.4330
1369708204.6420
1369708204.8510
1369708205.0600
1369708205.2690
1369708205.4780
1369708205.6880
1369708205.8970
1369708206.1060
1369708206.3150
1369708206.5240
1369708206.7330
1369708206.9420
1369708207.1520
1369708207.3610
1369708207.5700
1369708207.7790
1369708207.9880
1369708208.1970
1369708208.4060
1369708208.6150
1369708208.8240
1369708209.0340
1369708209.2430
1369708209.4520
1369708209.6610
1369708209.8700
1369708210.0790
1369708210.2880
1369708210.4970
1369708210.7060
1369708210.9160
1369708211.1250
1369708211.3340
1369708211.5430
1369708211.7520
1369708211.9610
1369708212.1710
1369708212.3800
1369708212.5890
1369708212.7980
1369708213.0070
1369708213.2170
1369708213.4260
1369708213.6350
1369708213.8440
1369708214.0530
1369708214.2620
1369708214.4720
1369708214.6810
1369708214.8900
1369708215.0990
1369708215.3080
1369708215.5170
1369708215.7260
1369708215.9360
1369708216.1450
1369708216.3540
1369708216.5630
1369708216.7720
1369708216.9810
1369708217.1900
1369708217.3990
1369708217.6080
1369708217.8170
1369708218.0260
1369708218.2350
1369708218.4440
1369708218.6530
1369708218.8620
1369708219.0710
1369708219.2810
1369708219.4900
1369708219.6990
1369708219.9080
1369708220.1170
1369708220.3260
1369708220.5360
1369708220.7450
1369708220.9540
1369708221.1630
1369708221.3730
1369708221.5820
1369708221.7910
1369708222.0000
1369708222.2090
1369708222.4180
1369708222.6280
1369708222.8370
1369708223.0460
1369708223.2550
1369708223.4640
1369708223.6730
1369708223.8820
1369708224.0910
1369708224.3000
1369708224.5090
1369708224.7170
1369708224.9260
1369708225.1350
1369708225.3440
1369708225.5530
1369708225.7620
1369708225.9720
1369708226.1810
1369708226.3900
1369708226.5990
1369708226.8080
1369708227.0180
1369708227.2270
1369708227.4360
1369708227.6460
1369708227.8550
1369708228.0640
1369708228.2730
1369708228.4830
1369708228.6920
1369708228.9010
1369708229.1100
1369708229.3190
1369708229.5280
1369708229.7380
1369708229.9470
1369708230.1560
1369708230.3650
1369708230.5740
1369708230.7830
1369708230.9930
1369708231.2020
1369708231.4110
1369708231.6200
1369708231.8290
1369708232.0380
1369708232.2470
1369708232.4560
1369708232.6650
1369708232.8740
1369708233.0840
1369708233.2930
1369708233.5020
1369708233.7110
1369708233.9200
1369708234.1290
1369708234.3380
1369708234.5470
1369708234.7560
1369708234.9650
1369708235.1740
1369708235.3840
1369708235.5930
1369708235.8020
1369708236.0120
1369708236.2210
1369708236.4310
1369708236.6410
1369708236.8500
1369708237.0590
1369708237.2690
1369708237.4780
1369708237.6870
1369708237.8960
1369708238.1050
1369708238.3140
1369708238.5230
1369708238.7320
1369708238.9410
1369708239.1490
1369708239.3580
1369708239.5670
1369708239.7760
1369708239.9850
1369708240.1940
1369708240.4030
1369708240.6120
1369708240.8210
1369708241.0310
1369708241.2400
1369708241.4490
1369708241.6580
1369708241.8670
1369708242.0770
1369708242.2860
1369708242.4950
1369708242.7040
1369708242.9130
1369708243.1220
1369708243.3310
1369708243.5400
1369708243.7490
1369708243.9590
1369708244.1680
1369708244.3770
1369708244.5860
1369708244.7960
1369708245.0050
1369708245.2140
1369708245.4230
1369708245.6320
1369708245.8420
1369708246.0510
1369708246.2600
1369708246.4690
1369708246.6790
1369708246.8880
1369708247.0970
1369708247.3060
1369708247.5150
1369708247.7250
1369708247.9340
1369708248.1430
1369708248.3520
1369708248.5620
1369708248.7710
1369708248.9800
1369708249.1890
1369708249.3980
1369708249.6080
1369708249.8170
1369708250.0260
1369708250.2350
1369708250.4440
1369708250.6530
1369708250.8620
1369708251.0710
1369708251.2800
1369708251.4890
1369708251.6990
1369708251.9080
1369708252.1180
1369708252.3270
1369708252.5360
1369708252.7460
1369708252.9550
1369708253.1650
1369708253.3750
1369708253.5840
1369708253.7930
1369708254.0030
1369708254.2120
1369708261.7410
1369708262.5780
1369708262.7880
1369708262.9970
1369708263.2070
1369708263.4160
1369708263.6250
1369708263.8350
1369708264.0440
1369708264.2530
1369708264.4610
1369708264.6700
1369708264.8790
1369708265.0880
1369708265.2970
1369708265.5060
1369708265.7150
1369708265.9240
1369708266.1330
1369708266.3420
1369708266.5510
1369708266.7600
1369708266.9690
1369708267.1780
1369708267.3880
1369708267.5970
1369708267.8060
1369708268.0140
1369708268.2240
1369708268.4330
1369708268.6420
1369708268.8510
1369708269.0600
1369708269.2690
1369708269.4780
1369708269.6870
1369708269.8960
1369708270.1050
1369708270.3140
1369708270.5230
1369708270.7320
1369708270.9410
1369708271.1500
1369708271.3600
1369708271.5690
1369708271.7780
1369708271.9870
1369708272.1960
1369708272.4050
1369708272.6150
1369708272.8240
1369708273.0330
1369708273.2420
1369708273.4510
1369708273.6610
1369708273.8700
1369708274.0790
1369708274.2880
1369708274.4970
1369708274.7060
1369708274.9150
1369708275.1240
1369708275.3330
1369708275.5420
1369708275.7520
1369708275.9610
1369708276.1700
1369708276.3790
1369708276.5880
1369708276.7970
1369708277.0060
1369708277.2150
1369708277.4240
1369708277.6330
1369708277.8420
1369708278.0510
1369708278.2610
1369708278.4700
1369708278.6790
1369708278.8880
1369708279.0970
1369708279.3060
1369708279.5150
1369708279.7240
1369708279.9330
1369708280.1420
1369708280.3520
1369708280.5610
1369708280.7700
1369708280.9790
1369708281.1880
1369708281.3970
1369708281.6060
1369708281.8150
1369708282.0240
1369708282.2340
1369708282.4430
1369708282.6520
1369708282.8610
1369708283.0700
1369708283.2790
1369708283.4880
1369708283.6970
1369708283.9060
1369708284.1150
1369708284.3240
1369708284.5330
1369708284.7430
1369708284.9520
1369708285.1610
1369708285.3700
1369708285.5790
1369708285.7880
1369708285.9970
1369708286.2060
1369708286.4150
1369708286.6240
1369708286.8330
1369708287.0420
1369708287.2520
1369708287.4610
1369708287.6700
1369708287.8790
1369708288.0880
1369708288.2980
1369708288.5070
1369708288.7160
1369708288.9260
1369708289.1350
1369708289.3440
1369708289.5540
1369708289.7630
1369708289.9720
1369708290.1810
1369708290.3910
1369708290.6000
1369708290.8090
1369708291.0180
1369708291.2270
1369708291.4360
1369708291.6450
1369708291.8540
1369708292.0630
1369708292.2720
1369708292.4810
1369708292.6900
1369708292.8990
1369708293.1080
1369708293.3170
1369708293.5260
1369708293.7350
1369708293.9440
1369708294.1530
1369708294.3620
1369708294.5710
1369708294.7810
1369708294.9900
1369708295.1990
1369708295.4080
1369708295.6170
1369708295.8260
1369708296.0350
1369708296.2440
1369708296.4530
1369708296.6620
1369708296.8720
1369708297.0810
1369708297.2900
1369708297.4990
1369708297.7080
1369708297.9170
1369708298.1270
1369708298.3360
1369708298.5450
1369708298.7540
1369708298.9630
1369708299.1720
1369708299.3810
1369708299.5900
1369708299.8000
1369708300.0090
1369708300.2180
1369708300.4270
1369708300.6360
1369708300.8450
1369708301.0540
1369708301.2640
1369708301.4730
1369708301.6820
1369708301.8910
1369708302.1000
1369708302.3090
1369708302.5180
1369708302.7270
1369708302.9360
1369708303.1450
1369708303.3550
1369708303.5640
1369708303.7730
1369708303.9820
1369708304.1910
1369708304.4000
1369708304.6090
1369708304.8180
1369708305.0280
1369708305.2370
1369708305.4460
1369708305.6550
1369708305.8640
1369708306.0730
1369708306.2820
1369708306.4910
1369708306.7000
1369708306.9090
1369708307.1190
1369708307.3280
1369708307.5370
1369708307.7460
1369708307.9560
1369708308.1650
1369708308.3750
1369708308.5840
1369708308.7930
1369708309.0020
1369708309.2110
1369708309.4200
1369708309.6290
1369708309.8390
1369708310.0480
1369708310.2570
1369708310.4660
1369708310.6750
1369708310.8840
1369708311.0930
1369708311.3020
1369708311.5110
1369708311.7200
1369708311.9290
1369708312.1380
1369708312.3480
1369708312.5570
1369708312.7660
1369708312.9750
1369708313.1840
1369708313.3930
1369708313.6020
1369708313.8110
1369708314.0200
1369708314.2290
1369708314.4380
1369708314.6470
1369708314.8560
1369708315.0650
1369708315.2740
1369708315.4830
1369708315.6920
1369708315.9010
1369708316.1100
1369708316.3190
1369708316.5280
1369708316.7370
1369708316.9460
1369708317.1550
1369708317.3640
1369708317.5730
1369708317.7820
1369708317.9910
1369708318.2000
1369708318.4090
1369708318.6180
1369708318.8280
1369708319.0370
1369708319.2460
1369708319.4550
1369708319.6640
1369708319.8740
1369708320.0830
1369708320.2920
1369708320.5020
1369708320.7110
1369708320.9200
1369708321.1290
1369708321.3390
1369708321.5480
1369708321.7570
1369708321.9660
1369708322.1750
1369708322.3840
1369708322.5930
1369708322.8020
1369708323.0120
1369708323.2210
1369708323.4300
1369708323.6400
1369708323.8490
1369708324.0580
1369708324.2670
1369708324.4760
1369708324.6860
1369708324.8950
1369708325.1040
1369708325.3130
1369708325.5220
1369708325.7310
1369708325.9400
1369708326.1490
1369708326.3580
1369708326.5670
1369708326.7770
1369708326.9860
1369708327.1950
1369708327.4040
1369708327.6140
1369708327.8230
1369708328.0330
1369708328.2420
1369708328.4520
1369708328.6610
1369708328.8710
1369708329.0810
1369708329.2900
1369708329.5000
1369708329.7090
1369708329.9180
1369708330.1270
1369708330.3350
1369708330.5440
1369708330.7520
1369708330.9600
1369708331.1680
1369708331.3760
1369708331.5840
1369708331.7920
1369708332.0000
1369708332.2090
1369708332.4180
1369708332.6270
1369708332.8360
1369708333.0450
1369708333.2540
1369708333.4640
1369708333.6740
1369708333.8840
1369708334.0940
1369708334.3040
1369708334.5130
1369708334.7230
1369708334.9330
1369708335.1430
1369708335.3520
1369708335.5620
1369708335.7710
1369708335.9800
1369708336.1890
1369708336.3980
1369708336.6070
1369708336.8160
1369708337.0250
1369708337.2340
1369708337.4420
1369708337.6510
1369708337.8600
1369708338.0690
1369708338.2780
1369708338.4870
1369708338.6960
1369708338.9050
1369708339.1140
1369708339.3230
1369708339.5320
1369708339.7420
1369708339.9510
1369708340.1600
1369708340.3690
1369708340.5780
1369708340.7870
1369708340.9960
1369708341.2050
1369708341.4150
1369708341.6240
1369708341.8330
1369708342.0420
1369708342.2510
1369708342.4600
1369708342.6690
1369708342.8780
1369708343.0870
1369708343.2960
1369708343.5060
1369708343.7150
1369708343.9240
1369708344.1330
1369708344.3420
1369708344.5510
1369708344.7600
1369708344.9700
1369708345.1790
1369708345.3880
1369708345.5970
1369708345.8060
1369708346.0150
1369708346.2240
1369708346.4330
1369708346.6420
1369708346.8510
1369708347.0600
1369708347.2690
1369708347.4790
1369708347.6880
1369708347.8970
1369708348.1060
1369708348.3150
1369708348.5240
1369708348.7330
1369708348.9420
1369708349.1510
1369708349.3600
1369708349.5690
1369708349.7780
1369708349.9870
1369708350.1960
1369708350.4050
1369708350.6140
1369708350.8230
1369708351.0320
1369708351.2410
1369708351.4500
1369708351.6590
1369708351.8690
1369708352.0780
1369708352.2870
1369708352.4960
1369708352.7050
1369708352.9140
1369708353.1230
1369708353.3320
1369708353.5410
1369708353.7490
1369708353.9580
1369708354.1670
1369708354.3760
1369708354.5850
1369708354.7940
1369708355.0030
1369708355.2130
1369708355.4220
1369708355.6310
1369708355.8400
1369708356.0490
1369708356.2590
1369708356.4690
1369708356.6780
1369708356.8880
1369708357.0970
1369708357.3060
1369708357.5160
1369708357.7250
1369708357.9340
1369708358.1430
1369708358.3520
1369708358.5610
1369708358.7700
1369708358.9790
1369708359.1870
1369708359.3960
1369708359.6050
1369708359.8140
1369708360.0240
1369708360.2330
1369708360.4420
1369708360.6510
1369708360.8600
1369708361.0690
1369708361.2780
1369708361.4870
1369708361.6960
1369708361.9050
1369708362.1140
1369708362.3230
1369708362.5320
1369708362.7420
1369708362.9510
1369708363.1600
1369708363.3690
1369708363.5780
1369708363.7880
1369708363.9970
1369708364.2060
1369708364.4150
1369708364.6240
1369708364.8330
1369708365.0420
1369708365.2510
1369708365.4600
1369708365.6690
1369708365.8780
1369708366.0870
1369708366.2960
1369708366.5050
1369708366.7140
1369708366.9230
1369708367.1320
1369708367.3410
1369708367.5500
1369708367.7590
1369708367.9680
1369708368.1770
1369708368.3860
1369708368.5950
1369708368.8050
1369708369.0140
1369708369.2230
1369708369.4320
1369708369.6410
1369708369.8500
1369708370.0590
1369708370.2680
1369708370.4770
1369708370.6860
1369708370.8950
1369708371.1050
1369708371.3140
1369708371.5230
1369708371.7320
1369708371.9410
1369708372.1500
1369708372.3590
1369708372.5680
1369708372.7770
1369708372.9860
1369708373.1950
1369708373.4050
1369708373.6140
1369708373.8230
1369708374.0330
1369708374.2420
1369708374.4510
1369708374.6600
1369708374.8690
1369708375.0780
1369708375.2870
1369708375.4970
1369708375.7060
1369708375.9150
1369708376.1240
1369708376.3330
1369708376.5420
1369708376.7510
1369708376.9600
1369708377.1700
1369708377.3790
1369708377.5880
1369708377.7970
1369708378.0060
1369708378.2150
1369708378.4240
1369708378.6340
1369708378.8430
1369708379.0520
1369708379.2610
1369708379.4700
1369708379.6790
1369708379.8890
1369708380.0980
1369708380.3070
1369708380.5160
1369708380.7250
1369708380.9340
1369708381.1430
1369708381.3530
1369708381.5620
1369708381.7710
1369708381.9800
1369708382.1890
1369708382.3980
1369708382.6070
1369708382.8160
1369708383.0250
1369708383.2340
1369708383.4430
1369708383.6520
1369708383.8620
1369708384.0710
1369708384.2800
1369708384.4890
1369708384.6980
1369708384.9070
1369708385.1160
1369708385.3250
1369708385.5350
1369708385.7440
1369708385.9530
1369708386.1620
1369708386.3710
1369708386.5800
1369708386.7890
1369708386.9980
1369708387.2060
1369708387.4150
1369708387.6230
1369708387.8320
1369708388.0400
1369708388.2480
1369708388.4570
1369708388.6650
1369708388.8740
1369708389.0830
1369708389.2920
1369708389.5010
1369708389.7100
1369708389.9190
1369708390.1280
1369708390.3370
1369708390.5460
1369708390.7550
1369708395.9860
1369708396.1950
1369708396.4050
1369708396.6140
1369708396.8230
1369708397.0330
1369708397.2420
1369708397.4510
1369708397.6610
1369708397.8700
1369708398.0800
1369708398.2900
1369708398.4990
1369708398.7080
1369708398.9180
1369708399.1270
1369708399.3360
1369708399.5450
1369708399.7540
1369708399.9630
1369708400.1710
1369708400.3800
1369708400.5890
1369708400.7970
1369708401.0060
1369708401.2150
1369708401.4230
1369708401.6320
1369708401.8410
1369708402.0500
1369708402.2590
1369708402.4680
1369708402.6770
1369708402.8860
1369708403.0950
1369708403.3040
1369708403.5130
1369708403.7220
1369708403.9310
1369708404.1400
1369708404.3490
1369708404.5580
1369708404.7670
1369708404.9760
1369708405.1850
1369708405.3940
1369708405.6030
1369708405.8120
1369708406.0210
1369708406.2300
1369708406.4390
1369708406.6480
1369708406.8570
1369708407.0660
1369708407.2750
1369708407.4840
1369708407.6930
1369708407.9020
1369708408.1110
1369708408.3210
1369708408.5300
1369708408.7390
1369708408.9480
1369708409.1570
1369708409.3660
1369708409.5750
1369708409.7840
1369708409.9930
1369708410.2020
1369708410.4110
1369708410.6200
1369708410.8290
1369708411.0380
1369708411.2470
1369708411.4560
1369708411.6660
1369708411.8750
1369708412.0840
1369708412.2930
1369708412.5020
1369708412.7120
1369708412.9210
1369708413.1300
1369708413.3390
1369708413.5470
1369708413.7560
1369708413.9650
1369708414.1740
1369708414.3830
1369708414.5920
1369708414.8010
1369708415.0100
1369708415.2190
1369708415.4280
1369708415.6370
1369708415.8460
1369708416.0550
1369708416.2640
1369708416.4730
1369708416.6820
1369708416.8920
1369708417.1010
1369708417.3100
1369708417.5190
1369708417.7280
1369708417.9370
1369708418.1460
1369708418.3550
1369708418.5640
1369708418.7720
1369708418.9810
1369708419.1900
1369708419.3990
1369708419.6080
1369708419.8170
1369708420.0260
1369708420.2350
1369708420.4440
1369708420.6530
1369708420.8620
1369708421.0710
1369708421.2800
1369708421.4890
1369708421.6980
1369708421.9070
1369708422.1160
1369708422.3250
1369708422.5340
1369708422.7430
1369708422.9520
1369708423.1610
1369708423.3700
1369708423.5790
1369708423.7880
1369708423.9970
1369708424.2060
1369708424.4150
1369708424.6240
1369708424.8330
1369708425.0420
1369708425.2510
1369708425.4600
1369708425.6690
1369708425.8780
1369708426.0870
1369708426.2960
1369708426.5050
1369708426.7140
1369708426.9230
1369708427.1320
1369708427.3410
1369708427.5490
1369708427.7580
1369708427.9670
1369708428.1760
1369708428.3850
1369708428.5940
1369708428.8030
1369708429.0120
1369708429.6400
1369708430.2670
1369708431.9370
1369708432.1460
1369708432.3540
1369708432.5630
1369708432.7720
1369708432.9810
1369708433.1910
1369708433.4000
1369708433.6100
1369708433.8200
1369708434.0290
1369708434.2390
1369708434.4480
1369708434.6570
1369708434.8670
1369708435.0760
1369708435.2850
1369708435.4940
1369708435.7030
1369708435.9120
1369708436.1210
1369708436.3300
1369708436.5390
1369708436.7480
1369708436.9570
1369708437.1660
1369708437.3750
1369708437.5840
1369708437.7930
1369708438.0020
1369708438.2110
1369708438.4200
1369708438.6290
1369708438.8380
1369708439.0470
1369708439.2560
1369708439.4650
1369708439.6740
1369708439.8830
1369708440.0920
1369708440.3010
1369708440.5100
1369708440.7190
1369708440.9280
1369708441.1370
1369708441.3460
1369708441.5550
1369708441.7640
1369708441.9730
1369708442.1820
1369708442.3910
1369708442.6000
1369708442.8090
1369708443.0190
1369708443.2280
1369708443.4370
1369708443.6460
1369708443.8550
1369708444.0640
1369708444.2730
1369708444.4820
1369708444.6910
1369708444.9000
1369708445.1090
1369708445.3180
1369708445.5270
1369708445.7360
1369708445.9460
1369708446.1550
1369708446.3640
1369708446.5730
1369708446.7820
1369708446.9910
1369708447.2000
1369708447.4090
1369708447.6170
1369708447.8260
1369708448.0350
1369708448.2440
1369708448.4540
1369708448.6630
1369708448.8720
1369708449.0810
1369708449.2900
1369708449.4990
1369708449.7080
1369708449.9170
1369708450.1260
1369708450.3350
1369708450.5440
1369708450.7530
1369708450.9620
1369708451.1710
1369708451.3800
1369708451.5890
1369708451.7980
1369708452.0070
1369708452.2160
1369708452.4250
1369708452.6340
1369708452.8430
1369708453.0520
1369708453.2610
1369708453.4700
1369708453.6790
1369708453.8880
1369708454.0970
1369708454.3060
1369708454.5150
1369708454.7240
1369708454.9330
1369708455.1430
1369708455.3520
1369708455.5610
1369708455.7700
1369708455.9790
1369708456.1880
1369708456.3970
1369708456.6060
1369708456.8150
1369708457.0240
1369708457.2330
1369708457.4420
1369708457.6510
1369708457.8600
1369708458.0690
1369708458.2780
1369708458.4870
1369708458.6960
1369708458.9050
1369708459.1140
1369708459.3230
1369708459.5320
1369708459.7410
1369708459.9500
1369708460.1590
1369708460.3680
1369708460.5770
1369708460.7860
1369708460.9950
1369708461.2040
1369708461.4130
1369708461.6220
1369708461.8310
1369708462.0400
1369708462.2490
1369708462.4580
1369708462.6670
1369708462.8760
1369708463.0840
1369708463.2930
1369708463.5020
1369708463.7100
1369708463.9190
1369708464.1280
1369708464.3370
1369708464.5460
1369708464.7550
1369708464.9640
1369708465.1730
1369708465.3820
1369708465.5910
1369708465.8000
1369708466.0100
1369708466.2190
1369708466.4280
1369708466.6370
1369708466.8460
1369708469.3580
1369708469.5660
1369708469.7750
1369708469.9830
1369708470.1920
1369708470.4010
1369708470.6100
1369708470.8190
1369708471.0290
1369708471.2380
1369708471.4470
1369708472.0750
1369708473.9550
1369708474.1640
1369708474.3730
1369708474.5810
1369708474.7900
1369708475.0000
1369708475.2090
1369708475.4190
1369708475.6280
1369708475.8380
1369708476.0470
1369708476.2570
1369708476.4660
1369708476.6750
1369708476.8840
1369708477.0930
1369708477.3020
1369708477.5110
1369708477.7200
1369708477.9290
1369708478.1380
1369708478.3470
1369708478.5560
1369708478.7650
1369708478.9740
1369708479.1830
1369708479.3920
1369708479.6010
1369708479.8100
1369708480.0190
1369708480.2280
1369708480.4370
1369708480.6460
1369708480.8550
1369708481.0640
1369708481.2730
1369708481.4820
1369708481.6910
1369708481.9000
1369708482.1090
1369708482.3180
1369708482.5270
1369708482.7360
1369708482.9450
1369708483.1540
1369708483.3630
1369708483.5720
1369708483.7810
1369708483.9900
1369708484.1990
1369708484.4080
1369708484.6170
1369708484.8260
1369708485.0350
1369708485.2440
1369708485.4530
1369708485.6620
1369708485.8710
1369708486.0800
1369708486.2890
1369708486.4980
1369708486.7070
1369708486.9160
1369708487.1250
1369708487.3340
1369708487.5430
1369708487.7520
1369708487.9610
1369708488.1700
1369708488.3790
1369708488.5880
1369708488.7970
1369708489.0060
1369708489.2150
1369708489.4240
1369708489.6330
1369708489.8430
1369708490.0520
1369708490.2610
1369708490.4700
1369708490.6790
1369708490.8880
1369708491.0970
1369708491.3060
1369708491.5150
1369708491.7240
1369708491.9330
1369708492.1420
1369708492.3510
1369708492.5600
1369708492.7700
1369708492.9790
1369708493.1880
1369708493.3970
1369708493.6060
1369708493.8160
1369708494.0250
1369708494.2340
1369708494.4430
1369708494.6520
1369708494.8610
1369708495.0710
1369708495.2800
1369708495.4890
1369708495.6980
1369708495.9070
1369708496.1160
1369708496.3250
1369708496.5340
1369708496.7430
1369708496.9520
1369708497.1610
1369708497.3700
1369708497.5790
1369708497.7890
1369708497.9980
1369708498.2070
1369708498.4160
1369708498.6260
1369708498.8350
1369708499.0440
1369708499.2530
1369708499.4620
1369708499.6710
1369708499.8800
1369708500.0890
1369708500.2980
1369708500.5070
1369708500.7160
1369708500.9250
1369708501.1350
1369708501.3440
1369708501.5530
1369708501.7620
1369708501.9710
1369708502.1800
1369708502.3890
1369708502.5980
1369708502.8070
1369708503.0160
1369708503.2250
1369708503.4340
1369708503.6430
1369708503.8520
1369708504.0610
1369708504.2700
1369708504.4790
1369708504.6880
1369708504.8970
1369708505.1060
1369708505.3150
1369708505.5240
1369708505.7330
1369708505.9420
1369708506.1510
1369708506.3610
1369708506.5700
1369708506.7790
1369708506.9880
1369708507.1970
1369708507.4060
1369708507.6150
1369708507.8240
1369708508.0330
1369708508.2430
1369708508.4520
1369708508.6610
1369708508.8700
1369708509.0790
1369708509.2880
1369708509.4970
1369708509.7070
1369708509.9160
1369708510.1250
1369708510.3340
1369708510.5430
1369708510.7520
1369708510.9610
1369708511.1700
1369708511.3790
1369708511.5880
1369708511.7970
1369708512.0060
1369708512.2150
1369708512.4240
1369708512.6330
1369708512.8420
1369708513.0510
1369708513.2600
1369708513.4690
1369708513.6780
1369708513.8870
1369708514.0960
1369708514.3050
1369708514.5140
1369708514.7230
1369708514.9320
1369708515.1420
1369708515.3510
1369708515.5600
1369708515.7690
1369708515.9780
1369708516.1870
1369708516.3970
1369708516.6060
1369708516.8150
1369708517.0240
1369708517.2330
1369708517.4420
1369708517.6520
1369708517.8610
1369708518.0700
1369708518.2790
1369708518.4890
1369708518.6980
1369708518.9070
1369708519.1160
1369708519.3250
1369708519.5340
1369708519.7430
1369708519.9520
1369708520.1610
1369708520.3700
1369708520.5790
1369708520.7870
1369708520.9960
1369708521.2050
1369708521.4140
1369708521.6230
1369708521.8320
1369708522.0420
1369708522.2510
1369708522.4600
1369708522.6700
1369708522.8800
1369708523.0890
1369708523.2990
1369708523.5090
1369708523.7180
1369708523.9280
1369708524.1380
1369708524.3480
1369708524.5570
1369708524.7670
1369708524.9760
1369708525.1860
1369708525.3950
1369708525.6050
1369708525.8140
1369708526.0230
1369708526.2320
1369708526.4410
1369708526.6500
1369708526.8590
1369708527.0670
1369708527.2760
1369708527.4850
1369708527.6930
1369708529.9920
1369708530.2010
1369708530.4100
1369708530.6190
1369708530.8270
1369708531.0350
1369708531.2440
1369708531.4520
1369708531.6610
1369708531.8700
1369708532.0790
1369708532.2880
1369708532.4980
1369708532.7080
1369708532.9170
1369708533.1270
1369708533.3370
1369708533.5460
1369708533.7560
1369708533.9650
1369708534.1740
1369708534.3830
1369708534.5930
1369708534.8020
1369708535.0110
1369708535.2200
1369708535.4290
1369708535.6380
1369708535.8470
1369708536.0560
1369708536.2650
1369708536.4740
1369708536.6830
1369708536.8930
1369708537.1020
1369708537.3110
1369708537.5200
1369708537.7290
1369708537.9380
1369708538.1470
1369708538.3560
1369708538.5660
1369708538.7750
1369708538.9840
1369708539.1930
1369708539.4020
1369708539.6110
1369708539.8210
1369708540.0300
1369708540.2390
1369708540.4480
1369708540.6570
1369708540.8660
1369708541.0750
1369708541.2850
1369708541.4930
1369708541.7020
1369708541.9110
1369708542.1190
1369708542.3280
1369708542.5370
1369708542.7460
1369708542.9540
1369708543.1630
1369708543.3720
1369708543.5810
1369708543.7900
1369708543.9990
1369708544.2080
1369708544.4170
1369708544.6270
1369708544.8360
1369708545.0450
1369708545.2550
1369708545.4640
1369708545.6730
1369708545.8820
1369708546.0920
1369708546.3010
1369708546.5110
1369708546.7210
1369708546.9300
1369708547.1400
1369708547.3500
1369708547.5590
1369708547.7690
1369708547.9780
1369708548.1870
1369708548.3960
1369708548.6050
1369708548.8140
1369708549.0230
1369708549.2320
1369708549.4410
1369708549.6500
1369708549.8580
1369708550.0670
1369708550.2750
1369708550.4840
1369708550.6930
1369708550.9020
1369708551.1110
1369708551.3200
1369708551.5290
1369708551.7380
1369708551.9470
1369708552.1560
1369708552.3660
1369708552.5750
1369708555.7120
1369708556.3390
