1369707853.9536729
1369707854.1629961
1369707854.372272
1369707854.581579
1369707854.7908709
1369707855.0001991
1369707855.2095289
1369707855.4188499
1369707855.628129
1369707855.837393
1369707856.046627
1369707856.2559149
1369707856.465271
1369707856.6745951
1369707856.88396
1369707857.0932951
1369707857.3025949
1369707857.5118711
1369707857.7211511
1369707857.9303629
1369707858.1395619
1369707858.3487921
1369707858.5580709
1369707858.7674251
1369707858.976721
1369707859.1859159
1369707859.3950851
1369707859.6042509
1369707859.813381
1369707860.0226481
1369707860.2319601
1369707860.4412861
1369707860.6505699
1369707860.859868
1369707861.0691869
1369707861.2784929
1369707861.4877679
1369707861.6969781
1369707861.906178
1369707862.115402
1369707862.3245969
1369707862.533891
1369707862.7431691
1369707862.952378
1369707863.161653
1369707863.370887
1369707863.5801671
1369707863.789392
1369707863.9986
1369707864.2077839
1369707864.416966
1369707864.6262181
1369707864.8354959
1369707865.0447259
1369707865.253952
1369707865.463186
1369707865.6724141
1369707865.881645
1369707866.090795
1369707866.299968
1369707866.509016
1369707866.7180121
1369707866.9269309
1369707867.1357939
1369707867.3446009
1369707867.553416
1369707867.7622769
1369707867.9712479
1369707868.180171
1369707868.3892291
1369707868.598316
1369707868.807477
1369707869.0166099
1369707869.225843
1369707869.435091
1369707869.6444499
1369707869.8538189
1369707870.0632579
1369707870.2726841
1369707870.482157
1369707870.6916981
1369707870.901269
1369707871.110841
1369707871.3203681
1369707871.5299189
1369707871.7394519
1369707871.948936
1369707872.1584079
1369707872.367769
1369707872.577071
1369707872.786376
1369707872.9956639
1369707873.2048359
1369707873.413944
1369707873.623127
1369707873.8322461
1369707874.0413959
1369707874.2505291
1369707874.4597099
1369707874.668889
1369707874.8780749
1369707875.0871811
1369707875.2963481
1369707875.5055311
1369707875.7147059
1369707875.9239221
1369707876.1331179
1369707876.3422749
1369707876.5514081
1369707876.7605979
1369707876.9697449
1369707877.178906
1369707877.388036
1369707877.5971749
1369707877.8063331
1369707878.0154879
1369707878.2245691
1369707878.433557
1369707878.6425049
1369707878.8514709
1369707879.060477
1369707879.2695019
1369707879.4785621
1369707879.6877201
1369707879.89697
1369707880.106324
1369707880.3156421
1369707880.525027
1369707880.7343979
1369707880.9436581
1369707881.152859
1369707881.362051
1369707881.5713429
1369707881.780664
1369707881.9899931
1369707882.199224
1369707882.4084771
1369707882.61761
1369707882.82672
1369707883.035753
1369707883.244772
1369707883.4537671
1369707883.6627541
1369707883.871742
1369707884.0807481
1369707884.289804
1369707884.4988761
1369707884.708014
1369707884.9172139
1369707885.1263721
1369707885.3355329
1369707885.5446839
1369707885.753794
1369707885.9628661
1369707886.1720009
1369707886.3811791
1369707886.5903859
1369707886.7995639
1369707887.008702
1369707887.217833
1369707887.4270151
1369707887.6361411
1369707887.845257
1369707888.05439
1369707888.2635009
1369707888.4727099
1369707888.6820071
1369707888.891341
1369707889.100632
1369707889.309921
1369707889.5192621
1369707889.728641
1369707889.93799
1369707890.1473479
1369707890.3567131
1369707890.5661581
1369707890.7756541
1369707890.9851911
1369707891.194715
1369707891.40411
1369707891.6134889
1369707891.822907
1369707892.032208
1369707892.2414899
1369707892.4507971
1369707892.660115
1369707892.869467
1369707893.078743
1369707893.2879491
1369707893.4970541
1369707893.7060339
1369707893.9148231
1369707894.123646
1369707894.332418
1369707894.541229
1369707894.7501609
1369707894.9591031
1369707895.168092
1369707895.3772199
1369707895.586391
1369707895.795661
1369707896.0049419
1369707896.2141521
1369707896.4233711
1369707896.6326001
1369707896.84181
1369707897.051018
1369707897.260134
1369707897.4692831
1369707897.678345
1369707897.887429
1369707898.096488
1369707898.3055561
1369707898.5145919
1369707898.723655
1369707898.9326911
1369707899.1417561
1369707899.350863
1369707899.5599959
1369707899.7692051
1369707899.9783959
1369707900.1876659
1369707900.3969979
1369707900.6062689
1369707900.815546
1369707901.0248001
1369707901.2339821
1369707901.4431159
1369707901.6523271
1369707901.861527
1369707902.070725
1369707902.279865
1369707902.4889939
1369707902.6980381
1369707902.9071
1369707903.11604
1369707903.325027
1369707903.5340459
1369707903.7430949
1369707903.952143
1369707904.161144
1369707904.3701911
1369707904.579354
1369707904.7885661
1369707904.9978609
1369707905.2073009
1369707905.4167769
1369707905.6262381
1369707905.835573
1369707906.0448279
1369707906.2540269
1369707906.463335
1369707906.672718
1369707906.8820829
1369707907.0914781
1369707907.300868
1369707907.5102191
1369707907.7194819
1369707907.9287081
1369707908.1378889
1369707908.347079
1369707908.556258
1369707908.7654231
1369707908.974613
1369707909.1837599
1369707909.392885
1369707909.601999
1369707909.8110771
1369707910.0201681
1369707910.229259
1369707910.438412
1369707910.647547
1369707910.8566771
1369707911.0658209
1369707911.275002
1369707911.4841321
1369707911.6932061
1369707911.9022031
1369707912.111177
1369707912.3201621
1369707912.5293231
1369707912.7386279
1369707912.9480929
1369707913.15763
1369707913.367275
1369707913.576843
1369707913.7863071
1369707913.9957049
1369707914.2050769
1369707914.4143469
1369707914.6235161
1369707914.83253
1369707915.0415189
1369707915.250536
1369707915.4595721
1369707915.668611
1369707915.877671
1369707916.0867269
1369707916.295825
1369707916.5049019
1369707916.7139931
1369707916.9231479
1369707917.1322639
1369707917.34131
1369707917.5503359
1369707917.7594509
1369707917.968576
1369707918.177731
1369707918.3868811
1369707918.5959949
1369707918.8050921
1369707919.0141759
1369707919.2232571
1369707919.43242
1369707919.641582
1369707919.850714
1369707920.05989
1369707920.269099
1369707920.478281
1369707920.687393
1369707920.8964779
1369707921.105567
1369707921.3146479
1369707921.5237341
1369707921.7328129
1369707921.9419031
1369707922.150991
1369707922.3601029
1369707922.5692849
1369707922.77841
1369707922.987479
1369707923.1965621
1369707923.4056759
1369707923.614784
1369707923.8238809
1369707924.0329759
1369707924.242043
1369707924.451174
1369707924.6602671
1369707924.869431
1369707925.0785561
1369707925.287688
1369707925.4968679
1369707925.706075
1369707925.9153261
1369707926.124608
1369707926.3340759
1369707926.5436699
1369707926.753387
1369707926.963227
1369707927.172998
1369707927.382504
1369707927.5918839
1369707927.8010621
1369707928.010078
1369707928.2190199
1369707928.427913
1369707928.6367619
1369707928.8456039
1369707929.0544469
1369707929.263293
1369707929.4721611
1369707929.6811271
1369707929.8901939
1369707930.0993049
1369707930.3086071
1369707930.5179989
1369707930.727376
1369707930.936677
1369707931.146035
1369707931.3553791
1369707931.564683
1369707931.773984
1369707931.983274
1369707932.192512
1369707932.401747
1369707932.6109011
1369707932.820061
1369707933.029192
1369707933.2383771
1369707933.4475701
1369707933.656743
1369707933.8659301
1369707934.0750771
1369707934.2842851
1369707934.4935119
1369707934.702723
1369707934.911926
1369707935.1211269
1369707935.330337
1369707935.539567
1369707935.7487371
1369707935.9578841
1369707936.1669929
1369707936.3760071
1369707936.5850461
1369707936.7941079
1369707937.0032279
1369707937.212352
1369707937.4214849
1369707937.63076
1369707937.8401401
1369707938.0495081
1369707938.2588861
1369707938.4682629
1369707938.677639
1369707938.886982
1369707939.096241
1369707939.3054149
1369707939.514533
1369707939.723572
1369707939.9325311
1369707940.141469
1369707940.3504491
1369707940.5595529
1369707940.7686131
1369707940.9777019
1369707941.1867321
1369707941.3958671
1369707941.6050749
1369707941.8143041
1369707942.0234489
1369707942.232547
1369707942.441607
1369707942.650723
1369707942.859884
1369707943.069083
1369707943.278337
1369707943.4875209
1369707943.6966989
1369707943.9058239
1369707944.115016
1369707944.324245
1369707944.5333769
1369707944.7425649
1369707944.9517419
1369707945.1609299
1369707945.3701029
1369707945.579283
1369707945.788383
1369707945.997438
1369707946.2065959
1369707946.415802
1369707946.625078
1369707946.834429
1369707947.0438321
1369707947.2531731
1369707947.4624801
1369707947.6717589
1369707947.881017
1369707948.090205
1369707948.299444
1369707948.5086801
1369707948.717932
1369707948.9271171
1369707949.136282
1369707949.34547
1369707949.55463
1369707949.763803
1369707949.972975
1369707950.1822131
1369707950.391453
1369707950.6007099
1369707950.809957
1369707951.019182
1369707951.2283649
1369707951.4375329
1369707951.6467161
1369707951.8558979
1369707952.0651369
1369707952.2744291
1369707952.4837129
1369707952.692915
1369707952.902087
1369707953.1112499
1369707953.320344
1369707953.5293651
1369707953.7382629
1369707953.947098
1369707954.1557901
1369707954.3644459
1369707954.5731311
1369707954.7818291
1369707954.990556
1369707955.1993079
1369707955.4081299
1369707955.616946
1369707955.8257539
1369707956.0347581
1369707956.2437949
1369707956.4528811
1369707956.66206
1369707956.8713441
1369707957.08091
1369707957.290643
1369707957.5004799
1369707957.710367
1369707957.920229
1369707958.1300089
1369707958.3397419
1369707958.5493801
1369707958.7588739
1369707958.968261
1369707959.177597
1369707959.3869951
1369707959.59637
1369707959.8057301
1369707960.0150421
1369707960.22435
1369707960.433671
1369707960.642952
1369707960.852227
1369707961.0614381
1369707961.2705791
1369707961.479655
1369707961.6886671
1369707961.8977079
1369707962.1067541
1369707962.3157599
1369707962.5247011
1369707962.733624
1369707962.942596
1369707963.1515319
1369707963.3604679
1369707963.5695021
1369707963.7784221
1369707963.9873171
1369707964.1962121
1369707964.4051299
1369707964.614186
1369707964.8232801
1369707965.0324111
1369707965.2415941
1369707965.450865
1369707965.6602349
1369707965.8696101
1369707966.0790069
1369707966.28846
1369707966.497869
1369707966.7072361
1369707966.916491
1369707967.125622
1369707967.3347039
1369707967.543788
1369707967.7528951
1369707967.962009
1369707968.171097
1369707968.380213
1369707968.5892961
1369707968.7983749
1369707969.0074921
1369707969.216572
1369707969.4257131
1369707969.6347971
1369707969.8438361
1369707970.0529671
1369707970.2620561
1369707970.471164
1369707970.680301
1369707970.889555
1369707971.098788
1369707971.3079889
1369707971.51717
1369707971.726331
1369707971.935482
1369707972.1446431
1369707972.353734
1369707972.562767
1369707972.7719181
1369707972.981061
1369707973.1902421
1369707973.3994009
1369707973.6085711
1369707973.8177121
1369707974.0268309
1369707974.235836
1369707974.444875
1369707974.6539619
1369707974.8630469
1369707975.0720601
1369707975.2810941
1369707975.490015
1369707975.6988511
1369707975.907686
1369707976.1164999
1369707976.325449
1369707976.534483
1369707976.7435701
1369707976.9526579
1369707977.1617441
1369707977.370815
1369707977.5799141
1369707977.7889211
1369707977.998013
1369707978.207093
1369707978.416163
1369707978.6252019
1369707978.8342891
1369707979.0433221
1369707979.2524171
1369707979.4614911
1369707979.6705761
1369707979.87973
1369707980.0887949
1369707980.2978871
1369707980.506953
1369707980.716011
1369707980.9250979
1369707981.134186
1369707981.3432701
1369707981.5523341
1369707981.7614479
1369707981.9704821
1369707982.1795411
1369707982.388582
1369707982.5976369
1369707982.806756
1369707983.015866
1369707983.2248759
1369707983.4338701
1369707983.642858
1369707983.8518691
1369707984.060915
1369707984.2699909
1369707984.479039
1369707984.688072
1369707984.897171
1369707985.1062181
1369707985.315197
1369707985.5242441
1369707985.7332389
1369707985.9422929
1369707986.151325
1369707986.360369
1369707986.5694599
1369707986.7785659
1369707986.9876299
1369707987.196682
1369707987.405756
1369707987.6148109
1369707987.823885
1369707988.03298
1369707988.2420211
1369707988.451081
1369707988.660167
1369707988.869328
1369707989.078506
1369707989.287632
1369707989.496706
1369707989.7057929
1369707989.9148791
1369707990.1239879
1369707990.333051
1369707990.5421309
1369707990.7511041
1369707990.960093
1369707991.1690819
1369707991.3780229
1369707991.5869911
1369707991.7959559
1369707992.0050199
1369707992.214114
1369707992.423213
1369707992.6322739
1369707992.8413661
1369707993.0504949
1369707993.259583
1369707993.468605
1369707993.677603
1369707993.886745
1369707994.0958309
1369707994.3049159
1369707994.5140071
1369707994.723135
1369707994.9322469
1369707995.1413801
1369707995.3505111
1369707995.5596261
1369707995.7687321
1369707995.9778261
1369707996.1868861
1369707996.396014
1369707996.6051021
1369707996.814208
1369707997.0233431
1369707997.2324409
1369707997.44154
1369707997.650624
1369707997.8597369
1369707998.0687871
1369707998.2778749
1369707998.4870131
1369707998.6961279
1369707998.9052629
1369707999.1143939
1369707999.3235011
1369707999.532645
1369707999.741729
1369707999.9508531
1369708000.1599891
1369708000.3691599
1369708000.5783789
1369708000.7875431
1369708000.9966061
1369708001.2056611
1369708001.4147501
1369708001.623811
1369708001.8328471
1369708002.041872
1369708002.250932
1369708002.4599819
1369708002.6690941
1369708002.8782029
1369708003.087296
1369708003.29637
1369708003.505461
1369708003.714546
1369708003.923646
1369708004.1328411
1369708004.3420219
1369708004.5512719
1369708004.7604749
1369708004.969614
1369708005.178725
1369708005.3878131
1369708005.596946
1369708005.8059559
1369708006.014976
1369708006.223984
1369708006.4329219
1369708006.64184
1369708006.8506889
1369708007.0594389
1369708007.2681911
1369708007.476815
1369708007.685333
1369708007.893883
1369708008.1025
1369708008.3112309
1369708008.520067
1369708008.728982
1369708008.9379039
1369708009.1468761
1369708009.355886
1369708009.5649221
1369708009.7741511
1369708009.9834809
1369708010.1929331
1369708010.4023221
1369708010.6116011
1369708010.8208029
1369708011.030056
1369708011.2392881
1369708011.4484921
1369708011.6576791
1369708011.8667901
1369708012.0758879
1369708012.2850749
1369708012.4943171
1369708012.703414
1369708012.9125521
1369708013.1217101
1369708013.3308661
1369708013.54003
1369708013.7492051
1369708013.95841
1369708014.167654
1369708014.3768599
1369708014.5860519
1369708014.7951839
1369708015.004324
1369708015.2134309
1369708015.4225161
1369708015.6315801
1369708015.840667
1369708016.049799
1369708016.2588329
1369708016.4678731
1369708016.676899
1369708016.8859
1369708017.0949061
1369708017.3039341
1369708017.513021
1369708017.7220521
1369708017.9311709
1369708018.1403461
1369708018.349473
1369708018.55866
1369708018.7677929
1369708018.9769461
1369708019.1860869
1369708019.395196
1369708019.6043999
1369708019.8136261
1369708020.02284
1369708020.231993
1369708020.441082
1369708020.650172
1369708020.8592989
1369708021.0684249
1369708021.2775741
1369708021.4866581
1369708021.69574
1369708021.9047971
1369708022.113909
1369708022.322999
1369708022.5320899
1369708022.7411721
1369708022.9502511
1369708023.1593421
1369708023.3683829
1369708023.577394
1369708023.786314
1369708023.995204
1369708024.204004
1369708024.412699
1369708024.621408
1369708024.8300691
1369708025.038785
1369708025.247561
1369708025.4563761
1369708025.6652689
1369708025.8742139
1369708026.0832641
1369708026.292361
1369708026.501533
1369708026.7107019
1369708026.919838
1369708027.129091
1369708027.3382959
1369708027.5475979
1369708027.7569211
1369708027.9663479
1369708028.17577
1369708028.3851819
1369708028.5945151
1369708028.803966
1369708029.013556
1369708029.2231901
1369708029.43274
1369708029.642091
1369708029.8513241
1369708030.0604711
1369708030.2695701
1369708030.478646
1369708030.6877339
1369708030.896745
1369708031.105803
1369708031.314822
1369708031.5238509
1369708031.732846
1369708031.941911
1369708032.1509969
1369708032.3601689
1369708032.569289
1369708032.7784231
1369708032.987587
1369708033.1967599
1369708033.4059651
1369708033.6151249
1369708033.8242581
1369708034.0333011
1369708034.242311
1369708034.4513569
1369708034.660363
1369708034.869374
1369708035.078413
1369708035.287452
1369708035.496418
1369708035.705384
1369708035.914381
1369708036.123363
1369708036.3324001
1369708036.5414169
1369708036.750458
1369708036.9595301
1369708037.1685779
1369708037.3776619
1369708037.58675
1369708037.7958341
1369708038.00492
1369708038.2140059
1369708038.4231629
1369708038.632345
1369708038.8415251
1369708039.050715
1369708039.2598369
1369708039.4689491
1369708039.6780541
1369708039.8871231
1369708040.096209
1369708040.305316
1369708040.5144379
1369708040.723588
1369708040.9327071
1369708041.1417811
1369708041.350867
1369708041.559957
1369708041.76897
1369708041.9780221
1369708042.1870661
1369708042.3961279
1369708042.605144
1369708042.814188
1369708043.023221
1369708043.2322841
1369708043.4413221
1369708043.650363
1369708043.859396
1369708044.068424
1369708044.277478
1369708044.486532
1369708044.695642
1369708044.9047761
1369708045.1138611
1369708045.322927
1369708045.532017
1369708045.7411051
1369708045.950254
1369708046.1593561
1369708046.3684289
1369708046.577486
1369708046.786576
1369708046.9956591
1369708047.2047689
1369708047.413872
1369708047.6230061
1369708047.8321221
1369708048.041183
1369708048.250272
1369708048.4593599
1369708048.6684899
1369708048.8776469
1369708049.0868111
1369708049.2959411
1369708049.505029
1369708049.714211
1369708049.9234149
1369708050.132719
1369708050.3420899
1369708050.551578
1369708050.7610531
1369708050.970644
1369708051.1801879
1369708051.389679
1369708051.599062
1369708051.808383
1369708052.017585
1369708052.226743
1369708052.435734
1369708052.6446021
1369708052.853399
1369708053.0623009
1369708053.2712481
1369708053.4802051
1369708053.689173
1369708053.898159
1369708054.107146
1369708054.3161421
1369708054.5251811
1369708054.734159
1369708054.943228
1369708055.152267
1369708055.361315
1369708055.5703299
1369708055.779449
1369708055.988564
1369708056.197711
1369708056.406836
1369708056.6159141
1369708056.8250511
1369708057.0341821
1369708057.2432959
1369708057.452405
1369708057.661514
1369708057.8706479
1369708058.0798321
1369708058.288985
1369708058.498167
1369708058.707252
1369708058.9163139
1369708059.1253769
1369708059.3344989
1369708059.5436699
1369708059.7527759
1369708059.961915
1369708060.1710091
1369708060.380018
1369708060.5889781
1369708060.797873
1369708061.006721
1369708061.2156241
1369708061.4246039
1369708061.6336889
1369708061.8427269
1369708062.051738
1369708062.260704
1369708062.4696729
1369708062.6787341
1369708062.887825
1369708063.0969009
1369708063.3060369
1369708063.5151711
1369708063.7243321
1369708063.9334421
1369708064.1425841
1369708064.351712
1369708064.560827
1369708064.770025
1369708064.979243
1369708065.1884849
1369708065.3977859
1369708065.607089
1369708065.8163781
1369708066.0256481
1369708066.2349689
1369708066.4442699
1369708066.6536961
1369708066.8630469
1369708067.0723081
1369708067.2814529
1369708067.4906099
1369708067.6997509
1369708067.9088571
1369708068.1179039
1369708068.3270049
1369708068.5361459
1369708068.745276
1369708068.954401
1369708069.163476
1369708069.3725541
1369708069.5816419
1369708069.7907629
1369708069.9998591
1369708070.208971
1369708070.4181061
1369708070.627212
1369708070.836302
1369708071.045434
1369708071.2545471
1369708071.4636481
1369708071.6727791
1369708071.8821599
1369708072.0916519
1369708072.301316
1369708072.5110509
1369708072.720665
1369708072.9302299
1369708073.139612
1369708073.34881
1369708073.557956
1369708073.767004
1369708073.97609
1369708074.1851721
1369708074.3942389
1369708074.6033249
1369708074.8123641
1369708075.021313
1369708075.2302101
1369708075.4391129
1369708075.648057
1369708075.856952
1369708076.0658309
1369708076.274596
1369708076.4832921
1369708076.6920781
1369708076.900893
1369708077.109786
1369708077.3187521
1369708077.5277441
1369708077.7367809
1369708077.9458439
1369708078.1549289
1369708078.3640189
1369708078.5730541
1369708078.7820921
1369708078.9911759
1369708079.2002599
1369708079.40942
1369708079.6186271
1369708079.8279059
1369708080.0371771
1369708080.2464621
1369708080.4557109
1369708080.6649661
1369708080.8742011
1369708081.0833981
1369708081.292537
1369708081.5016429
1369708081.7106819
1369708081.9196689
1369708082.128397
1369708082.3368349
1369708082.5452311
1369708082.753618
1369708082.9619181
1369708083.170397
1369708083.3790779
1369708083.5879459
1369708083.7969799
1369708084.0060959
1369708084.2152729
1369708084.424432
1369708084.6335261
1369708084.8425989
1369708085.051693
1369708085.260772
1369708085.4698081
1369708085.678802
1369708085.8877201
1369708086.0965481
1369708086.3053441
1369708086.5141079
1369708086.722935
1369708086.9318309
1369708087.1407211
1369708087.3496189
1369708087.5584919
1369708087.7673681
1369708087.976347
1369708088.1855559
1369708088.3950241
1369708088.6047449
1369708088.8145859
1369708089.024539
1369708089.2345231
1369708089.444633
1369708089.6548419
1369708089.8650589
1369708090.075175
1369708090.285152
1369708090.4948831
1369708090.704406
1369708090.91382
1369708091.123008
1369708091.332022
1369708091.5408959
1369708091.749687
1369708091.958389
1369708092.1670179
1369708092.3756721
1369708092.584424
1369708092.79322
1369708093.002049
1369708093.2109809
1369708093.41995
1369708093.6288929
1369708093.837887
1369708094.046948
1369708094.256026
1369708094.4651141
1369708094.674242
1369708094.8834281
1369708095.092732
1369708095.3021049
1369708095.5115061
1369708095.720974
1369708095.930407
1369708096.1398461
1369708096.3492129
1369708096.558609
1369708096.7680349
1369708096.9775109
1369708097.1868961
1369708097.3961861
1369708097.605305
1369708097.8143871
1369708098.0234129
1369708098.2324989
1369708098.4415469
1369708098.6505499
1369708098.8594711
1369708099.0683179
1369708099.277143
1369708099.485954
1369708099.6947811
1369708099.903605
1369708100.1124771
1369708100.3212521
1369708100.5299499
1369708100.738651
1369708100.9473751
1369708101.1561739
1369708101.365037
1369708101.5739939
1369708101.7829499
1369708101.9919441
1369708102.200927
1369708102.4099951
1369708102.6190031
1369708102.8279719
1369708103.036983
1369708103.245975
1369708103.454982
1369708103.664011
1369708103.8729489
1369708104.081985
1369708104.2910571
1369708104.5001309
1369708104.709219
1369708104.9182279
1369708105.127248
1369708105.3362141
1369708105.545197
1369708105.7541671
1369708105.9632411
1369708106.172442
1369708106.381804
1369708106.5911901
1369708106.8006561
1369708107.0101211
1369708107.21965
1369708107.4291739
1369708107.6385629
1369708107.8478639
1369708108.05709
1369708108.2663839
1369708108.475673
1369708108.6850629
1369708108.8943939
1369708109.1036611
1369708109.3127379
1369708109.521785
1369708109.7307391
1369708109.939678
1369708110.14853
1369708110.357347
1369708110.5661449
1369708110.7748499
1369708110.9834139
1369708111.1919601
1369708111.400641
1369708111.609442
1369708111.8182981
1369708112.0271261
1369708112.236022
1369708112.4449639
1369708112.653909
1369708112.8629291
1369708113.071943
1369708113.281029
1369708113.4901481
1369708113.6992891
1369708113.908392
1369708114.117532
1369708114.32671
1369708114.5358469
1369708114.7450089
1369708114.9541171
1369708115.1632991
1369708115.372575
1369708115.5819499
1369708115.791317
1369708116.0006249
1369708116.209902
1369708116.419152
1369708116.6283331
1369708116.837424
1369708117.046345
1369708117.254945
1369708117.463304
1369708117.6715119
1369708117.8797131
1369708118.0879309
1369708118.2963929
1369708118.5049269
1369708118.7136061
1369708118.9224491
1369708119.1313579
1369708119.3403361
1369708119.5492029
1369708119.758075
1369708119.9669559
1369708120.1759329
1369708120.3849001
1369708120.5938351
1369708120.802799
1369708121.011729
1369708121.220614
1369708121.4295869
1369708121.6385059
1369708121.84747
1369708122.0565331
1369708122.2655449
1369708122.474607
1369708122.683707
1369708122.893008
1369708123.102515
1369708123.312077
1369708123.5217869
1369708123.731622
1369708123.9415109
1369708124.151515
1369708124.3615839
1369708124.5717831
1369708124.7818489
1369708124.9919159
1369708125.2017691
1369708125.4114311
1369708125.620923
1369708125.8302259
1369708126.039268
1369708126.248168
1369708126.456861
1369708126.6653869
1369708126.8740039
1369708127.082732
1369708127.2915959
1369708127.500566
1369708127.709578
1369708127.9186659
1369708128.127749
1369708128.336762
1369708128.5458031
1369708128.7548671
1369708128.9639261
1369708129.172962
1369708129.3820231
1369708129.591186
1369708129.8003571
1369708130.009599
1369708130.2188871
1369708130.4282751
1369708130.6377439
1369708130.847209
1369708131.0566959
1369708131.266197
1369708131.4756
1369708131.685024
1369708131.8943291
1369708132.103601
1369708132.31285
1369708132.52209
1369708132.731204
1369708132.9402521
1369708133.1491699
1369708133.3579969
1369708133.5667901
1369708133.77564
1369708133.984484
1369708134.1933501
1369708134.4021499
1369708134.610806
1369708134.8195081
1369708135.0281601
1369708135.2368369
1369708135.445498
1369708135.654151
1369708135.862751
1369708136.0713091
1369708136.2798171
1369708136.4883101
1369708136.696887
1369708136.9054899
1369708137.1141
1369708137.3227799
1369708137.5314801
1369708137.7402511
1369708137.9490759
1369708138.1579609
1369708138.3669159
1369708138.575881
1369708138.784816
1369708138.993829
1369708139.2029929
1369708139.4122019
1369708139.621489
1369708139.830868
1369708140.040235
1369708140.24962
1369708140.458941
1369708140.668344
1369708140.8777399
1369708141.0870919
1369708141.2963369
1369708141.5055261
1369708141.714684
1369708141.923717
1369708142.1326981
1369708142.341651
1369708142.550549
1369708142.759393
1369708142.9682789
1369708143.1772029
1369708143.3862181
1369708143.595232
1369708143.804296
1369708144.0134311
1369708144.2225289
1369708144.431649
1369708144.640826
1369708144.8501091
1369708145.059453
1369708145.2687831
1369708145.4780819
1369708145.6872909
1369708145.8965211
1369708146.1057
1369708146.3148601
1369708146.5239921
1369708146.7330811
1369708146.9422209
1369708147.1513669
1369708147.360436
1369708147.5695651
1369708147.778635
1369708147.9876649
1369708148.1966701
1369708148.4057231
1369708148.6148131
1369708148.8239641
1369708149.0331471
1369708149.2423389
1369708149.451606
1369708149.6610379
1369708149.870497
1369708150.0800049
1369708150.2896061
1369708150.499105
1369708150.7084501
1369708150.917733
1369708151.1270061
1369708151.3361399
1369708151.5452859
1369708151.7544301
1369708151.9634449
1369708152.1722751
1369708152.380924
1369708152.589479
1369708152.7979281
1369708153.006381
1369708153.214817
1369708153.4232359
1369708153.6317141
1369708153.840204
1369708154.048877
1369708154.257503
1369708154.4661391
1369708154.6748919
1369708154.8837111
1369708155.092613
1369708155.3015971
1369708155.5107069
1369708155.719908
1369708155.92906
1369708156.138252
1369708156.347481
1369708156.5567579
1369708156.7660141
1369708156.9751849
1369708157.184351
1369708157.39344
1369708157.602505
1369708157.8115311
1369708158.0205979
1369708158.2296879
1369708158.4387741
1369708158.64784
1369708158.856848
1369708159.0657871
1369708159.274874
1369708159.484272
1369708159.6940351
1369708159.9038031
1369708160.1136899
1369708160.323499
1369708160.5332291
1369708160.742815
1369708160.952338
1369708161.161829
1369708161.3712749
1369708161.5805199
1369708161.7897611
1369708161.999037
1369708162.208288
1369708162.417402
1369708162.626461
1369708162.8355
1369708163.0444131
1369708163.2533779
1369708163.462328
1369708163.6713121
1369708163.8802299
1369708164.0891409
1369708164.2980931
1369708164.5070801
1369708164.7161281
1369708164.9251449
1369708165.1341801
1369708165.3432109
1369708165.5522311
1369708165.761236
1369708165.9703031
1369708166.179318
1369708166.3883319
1369708166.597369
1369708166.806432
1369708167.015502
1369708167.224509
1369708167.4335909
1369708167.6427059
1369708167.851912
1369708168.0611889
1369708168.2704611
1369708168.4797201
1369708168.6888521
1369708168.897964
1369708169.107003
1369708169.315964
1369708169.5249071
1369708169.733829
1369708169.942646
1369708170.1514699
1369708170.360384
1369708170.5692589
1369708170.7781971
1369708170.9871171
1369708171.196106
1369708171.405108
1369708171.6141829
1369708171.823236
1369708172.0322809
1369708172.2412939
1369708172.450269
1369708172.6591079
1369708172.868048
1369708173.0769889
1369708173.285861
1369708173.4945641
1369708173.70329
1369708173.912019
1369708174.1208119
1369708174.329705
1369708174.538646
1369708174.7475901
1369708174.9565799
1369708175.165498
1369708175.374392
1369708175.583288
1369708175.792228
1369708176.0011561
1369708176.210279
1369708176.4194131
1369708176.6286199
1369708176.8378861
1369708177.047246
1369708177.256669
1369708177.466043
1369708177.6753531
1369708177.8845501
1369708178.0936811
1369708178.3027959
1369708178.5118799
1369708178.720963
1369708178.929956
1369708179.1388249
1369708179.3475759
1369708179.5563171
1369708179.7651229
1369708179.9739871
1369708180.1828721
1369708180.3918059
1369708180.6007869
1369708180.809833
1369708181.0188839
1369708181.2279871
1369708181.4369831
1369708181.6459939
1369708181.8549931
1369708182.064013
1369708182.2729969
1369708182.482033
1369708182.6910541
1369708182.9001541
1369708183.1092739
1369708183.318351
1369708183.5273769
1369708183.736382
1369708183.945425
1369708184.15446
1369708184.363477
1369708184.572536
1369708184.781553
1369708184.990591
1369708185.199631
1369708185.4086189
1369708185.61761
1369708185.8265271
1369708186.035409
1369708186.244194
1369708186.4529991
1369708186.6617191
1369708186.8703699
1369708187.0787859
1369708187.287137
1369708187.4955001
1369708187.7038939
1369708187.9124119
1369708188.120924
1369708188.329612
1369708188.538363
1369708188.74703
1369708188.955698
1369708189.1645701
1369708189.373471
1369708189.5825679
1369708189.791743
1369708190.00102
1369708190.2105141
1369708190.420275
1369708190.6302221
1369708190.8403151
1369708191.0503089
1369708191.260067
1369708191.4696131
1369708191.679002
1369708191.8882661
1369708192.09742
1369708192.3065071
1369708192.5156009
1369708192.724607
1369708192.9336691
1369708193.1427319
1369708193.3517711
1369708193.560806
1369708193.7699151
1369708193.979073
1369708194.1883259
1369708194.3975599
1369708194.6068289
1369708194.815994
1369708195.025151
1369708195.2343111
1369708195.443491
1369708195.6526999
1369708195.8616991
1369708196.070652
1369708196.279475
1369708196.48827
1369708196.696986
1369708196.905683
1369708197.1143811
1369708197.3230989
1369708197.5318279
1369708197.7405081
1369708197.949162
1369708198.157815
1369708198.36642
1369708198.575141
1369708198.784137
1369708198.9932411
1369708199.2025721
1369708199.4120619
1369708199.621536
1369708199.8310399
1369708200.0405259
1369708200.2499659
1369708200.459415
1369708200.6688361
1369708200.8781631
1369708201.08742
1369708201.29667
1369708201.505976
1369708201.7152841
1369708201.9245541
1369708202.133837
1369708202.3431151
1369708202.5523379
1369708202.761544
1369708202.9707251
1369708203.1798201
1369708203.38871
1369708203.597573
1369708203.806458
1369708204.0153141
1369708204.2242589
1369708204.433269
1369708204.6422839
1369708204.8513479
1369708205.060384
1369708205.2693951
1369708205.478483
1369708205.6875989
1369708205.8967819
1369708206.1058891
1369708206.315027
1369708206.5241339
1369708206.7333131
1369708206.9424469
1369708207.151655
1369708207.3608141
1369708207.569931
1369708207.778955
1369708207.9880681
1369708208.197201
1369708208.4063151
1369708208.6153979
1369708208.8244841
1369708209.0335741
1369708209.2426591
1369708209.451741
1369708209.6608291
1369708209.8699679
1369708210.079073
1369708210.2882309
1369708210.497344
1369708210.7064221
1369708210.9155121
1369708211.124696
1369708211.3338981
1369708211.543139
1369708211.7523079
1369708211.9614661
1369708212.1706121
1369708212.3797829
1369708212.589004
1369708212.798269
1369708213.0074749
1369708213.21668
1369708213.4258349
1369708213.6349721
1369708213.8440919
1369708214.053241
1369708214.2623751
1369708214.4715171
1369708214.6806469
1369708214.8898029
1369708215.0989561
1369708215.3081591
1369708215.517298
1369708215.726428
1369708215.9355161
1369708216.1446481
1369708216.3537879
1369708216.5628581
1369708216.771883
1369708216.980969
1369708217.190033
1369708217.3991129
1369708217.6081331
1369708217.817121
1369708218.0261559
1369708218.235194
1369708218.4442339
1369708218.6532471
1369708218.862329
1369708219.071456
1369708219.28055
1369708219.4897161
1369708219.6988959
1369708219.908149
1369708220.1173551
1369708220.3264861
1369708220.5356641
1369708220.744853
1369708220.9540811
1369708221.163336
1369708221.3725519
1369708221.581696
1369708221.790863
1369708222.0000329
1369708222.209219
1369708222.4183509
1369708222.6275129
1369708222.836617
1369708223.0457349
1369708223.2547591
1369708223.463856
1369708223.6728809
1369708223.8819749
1369708224.090977
1369708224.299861
1369708224.5086589
1369708224.717433
1369708224.9263079
1369708225.1352711
1369708225.3442841
1369708225.553329
1369708225.7624111
1369708225.971519
1369708226.1806459
1369708226.3897891
1369708226.598994
1369708226.808269
1369708227.017576
1369708227.2269211
1369708227.4362271
1369708227.6455281
1369708227.8548031
1369708228.0640841
1369708228.2733631
1369708228.4825699
1369708228.691745
1369708228.9009309
1369708229.110157
1369708229.319339
1369708229.528476
1369708229.7376151
1369708229.9467731
1369708230.1559219
1369708230.3650179
1369708230.5742199
1369708230.783422
1369708230.9926591
1369708231.2017591
1369708231.4108951
1369708231.6199729
1369708231.829061
1369708232.038142
1369708232.2472391
1369708232.456306
1369708232.665365
1369708232.8744481
1369708233.0836329
1369708233.2927859
1369708233.5019
1369708233.710988
1369708233.9200239
1369708234.1290381
1369708234.3380761
1369708234.5471389
1369708234.756273
1369708234.9653549
1369708235.1744411
1369708235.3835771
1369708235.5928841
1369708235.8023591
1369708236.011909
1369708236.221483
1369708236.431046
1369708236.640595
1369708236.850034
1369708237.0593851
1369708237.268631
1369708237.477864
1369708237.6870201
1369708237.896039
1369708238.1050129
1369708238.313849
1369708238.5227139
1369708238.7316351
1369708238.940526
1369708239.1493759
1369708239.3582361
1369708239.5670669
1369708239.7760091
1369708239.984971
1369708240.1939809
1369708240.4030659
1369708240.612184
1369708240.8213661
1369708241.030551
1369708241.2397749
1369708241.4489861
1369708241.658175
1369708241.867337
1369708242.07651
1369708242.2856841
1369708242.4948721
1369708242.703974
1369708242.9131141
1369708243.1221969
1369708243.331233
1369708243.540318
1369708243.749398
1369708243.9585159
1369708244.1677389
1369708244.377053
1369708244.5863271
1369708244.795614
1369708245.0048089
1369708245.213949
1369708245.423126
1369708245.63239
1369708245.8416209
1369708246.0508959
1369708246.260123
1369708246.4693699
1369708246.6786079
1369708246.8877871
1369708247.0969751
1369708247.3061261
1369708247.5153501
1369708247.7245941
1369708247.933846
1369708248.1430759
1369708248.3522999
1369708248.5615129
1369708248.7707419
1369708248.979991
1369708249.1892459
1369708249.398452
1369708249.6076379
1369708249.816745
1369708250.0256829
1369708250.234674
1369708250.4437561
1369708250.6528721
1369708250.8620031
1369708251.071084
1369708251.2801261
1369708251.489284
1369708251.6985941
1369708251.90804
1369708252.1175499
1369708252.327045
1369708252.5364971
1369708252.7459409
1369708252.955487
1369708253.165
1369708253.374562
1369708253.58413
1369708253.7934921
1369708254.0027399
1369708254.2117
1369708254.4204969
1369708254.6292641
1369708254.838187
1369708255.0471549
1369708255.256166
1369708255.4652531
1369708255.674382
1369708255.8835869
1369708256.092787
1369708256.30196
1369708256.5110841
1369708256.7201011
1369708256.9290891
1369708257.1381061
1369708257.3471389
1369708257.556263
1369708257.7654929
1369708257.9747629
1369708258.18402
1369708258.393244
1369708258.6024759
1369708258.8117011
1369708259.0209579
1369708259.2302129
1369708259.439431
1369708259.648674
1369708259.8579061
1369708260.067152
1369708260.276387
1369708260.4855771
1369708260.6947479
1369708260.9039631
1369708261.1131799
1369708261.322387
1369708261.5316219
1369708261.7408509
1369708261.9500899
1369708262.1593399
1369708262.368777
1369708262.5783241
1369708262.7878389
1369708262.997308
1369708263.206759
1369708263.416105
1369708263.6254339
1369708263.834662
1369708264.043695
1369708264.2525489
1369708264.4614429
1369708264.6704161
1369708264.879317
1369708265.088155
1369708265.2969
1369708265.5056779
1369708265.7145979
1369708265.9236541
1369708266.1328239
1369708266.3419909
1369708266.551162
1369708266.7602329
1369708266.9693069
1369708267.178407
1369708267.387511
1369708267.596523
1369708267.805521
1369708268.014488
1369708268.2235
1369708268.4325919
1369708268.641721
1369708268.850806
1369708269.059799
1369708269.268714
1369708269.477654
1369708269.6865971
1369708269.895565
1369708270.104553
1369708270.313597
1369708270.5227301
1369708270.7319081
1369708270.94118
1369708271.1504691
1369708271.3596711
1369708271.56881
1369708271.7779541
1369708271.9871221
1369708272.1962991
1369708272.4054871
1369708272.6146691
1369708272.8238699
1369708273.0330801
1369708273.2422161
1369708273.4513659
1369708273.660501
1369708273.869585
1369708274.0786321
1369708274.287734
1369708274.496927
1369708274.7061
1369708274.9152329
1369708275.124321
1369708275.3334341
1369708275.54247
1369708275.7516019
1369708275.960736
1369708276.1698129
1369708276.3789041
1369708276.58799
1369708276.797075
1369708277.006139
1369708277.215198
1369708277.4242671
1369708277.633328
1369708277.8424129
1369708278.0514841
1369708278.260587
1369708278.4696741
1369708278.67873
1369708278.8877699
1369708279.096854
1369708279.3059671
1369708279.5150261
1369708279.724108
1369708279.9332449
1369708280.1423609
1369708280.3515069
1369708280.5606949
1369708280.7698531
1369708280.978936
1369708281.1880231
1369708281.397105
1369708281.606221
1369708281.8153739
1369708282.024492
1369708282.233602
1369708282.4426391
1369708282.6516931
1369708282.8607531
1369708283.06987
1369708283.2789299
1369708283.488065
1369708283.6971221
1369708283.906189
1369708284.1152761
1369708284.3243611
1369708284.533448
1369708284.742516
1369708284.951597
1369708285.1606569
1369708285.3697431
1369708285.578836
1369708285.787894
1369708285.996911
1369708286.2058001
1369708286.4147911
1369708286.6239231
1369708286.8330801
1369708287.04234
1369708287.2515731
1369708287.4607949
1369708287.6699979
1369708287.8792181
1369708288.088443
1369708288.297713
1369708288.5070391
1369708288.7164371
1369708288.9258161
1369708289.1351831
1369708289.344487
1369708289.5538149
1369708289.7630451
1369708289.9722519
1369708290.181428
1369708290.3905661
1369708290.599576
1369708290.808543
1369708291.0175879
1369708291.226572
1369708291.435564
1369708291.644628
1369708291.8536611
1369708292.062701
1369708292.2718101
1369708292.4808631
1369708292.6898589
1369708292.8988979
1369708293.107986
1369708293.317071
1369708293.52616
1369708293.73527
1369708293.9442971
1369708294.1533411
1369708294.3624101
1369708294.5714619
1369708294.780529
1369708294.989639
1369708295.19875
1369708295.4078369
1369708295.6169569
1369708295.826046
1369708296.0351369
1369708296.244226
1369708296.4533119
1369708296.6624179
1369708296.871598
1369708297.0807819
1369708297.2899499
1369708297.4990411
1369708297.7082419
1369708297.9174149
1369708298.1265521
1369708298.335727
1369708298.544878
1369708298.753968
1369708298.9630611
1369708299.172153
1369708299.381278
1369708299.590425
1369708299.799639
1369708300.0087819
1369708300.2179339
1369708300.427094
1369708300.636265
1369708300.8453779
1369708301.0544879
1369708301.2635951
1369708301.4726641
1369708301.68174
1369708301.8908429
1369708302.0999651
1369708302.309058
1369708302.5181451
1369708302.727257
1369708302.9363611
1369708303.145453
1369708303.354588
1369708303.563659
1369708303.7727561
1369708303.981847
1369708304.190953
1369708304.400089
1369708304.609266
1369708304.8184309
1369708305.02754
1369708305.23664
1369708305.4457331
1369708305.65487
1369708305.8639801
1369708306.0730619
1369708306.2821269
1369708306.4912591
1369708306.7003419
1369708306.909416
1369708307.1185191
1369708307.3276479
1369708307.5368819
1369708307.746259
1369708307.9557419
1369708308.1652689
1369708308.374666
1369708308.583941
1369708308.7931459
1369708309.002306
1369708309.211376
1369708309.4204071
1369708309.6294971
1369708309.838623
1369708310.0477209
1369708310.256654
1369708310.4656451
1369708310.6746781
1369708310.883719
1369708311.0927811
1369708311.3018651
1369708311.510973
1369708311.720119
1369708311.9292929
1369708312.1384361
1369708312.3475571
1369708312.55667
1369708312.7657101
1369708312.974792
1369708313.1838291
1369708313.3928449
1369708313.6018291
1369708313.8108721
1369708314.019954
1369708314.229043
1369708314.438107
1369708314.6471181
1369708314.8561029
1369708315.0650721
1369708315.2739711
1369708315.4828861
1369708315.691843
1369708315.900811
1369708316.109807
1369708316.3187521
1369708316.5277431
1369708316.7367549
1369708316.9457669
1369708317.154758
1369708317.363765
1369708317.57286
1369708317.7819641
1369708317.9910071
1369708318.2001281
1369708318.409198
1369708318.618351
1369708318.8275459
1369708319.0367949
1369708319.2460239
1369708319.4552779
1369708319.6644881
1369708319.8737459
1369708320.0830629
1369708320.292393
1369708320.5016971
1369708320.710948
1369708320.9201751
1369708321.1294069
1369708321.338531
1369708321.5476511
1369708321.7567539
1369708321.96592
1369708322.175071
1369708322.384208
1369708322.593327
1369708322.802453
1369708323.011586
1369708323.220767
1369708323.430119
1369708323.639538
1369708323.8488431
1369708324.0581219
1369708324.2673221
1369708324.4764881
1369708324.6856191
1369708324.894727
1369708325.1037779
1369708325.312829
1369708325.5219221
1369708325.7310259
1369708325.940114
1369708326.1491699
1369708326.3583069
1369708326.567414
1369708326.7765889
1369708326.9857271
1369708327.1949601
1369708327.404212
1369708327.6135509
1369708327.8229549
1369708328.0325029
1369708328.242141
1369708328.4517789
1369708328.661396
1369708328.8711081
1369708329.0807171
1369708329.2901931
1369708329.499536
1369708329.708672
1369708329.917737
1369708330.1266389
1369708330.3352261
1369708330.5435531
1369708330.751677
1369708330.9596341
1369708331.1675279
1369708331.375555
1369708331.583751
1369708331.7920439
1369708332.000464
1369708332.20909
1369708332.4178391
1369708332.6267071
1369708332.835695
1369708333.044878
1369708333.254303
1369708333.4641271
1369708333.6741059
1369708333.8840261
1369708334.0938661
1369708334.303664
1369708334.513422
1369708334.723201
1369708334.932915
1369708335.1426499
1369708335.352165
1369708335.5615129
1369708335.7708161
1369708335.980027
1369708336.189126
1369708336.3981731
1369708336.6071379
1369708336.8160069
1369708337.024821
1369708337.2335451
1369708337.4423261
1369708337.651154
1369708337.8600619
1369708338.069051
1369708338.2781279
1369708338.487201
1369708338.6962731
1369708338.905251
1369708339.114295
1369708339.3233271
1369708339.5324211
1369708339.7416
1369708339.9507251
1369708340.1598749
1369708340.3690009
1369708340.578161
1369708340.7872131
1369708340.9963069
1369708341.205415
1369708341.414556
1369708341.6236379
1369708341.8326781
1369708342.041769
1369708342.2508969
1369708342.4599781
1369708342.669065
1369708342.87816
1369708343.087286
1369708343.296375
1369708343.5055251
1369708343.7145891
1369708343.9237339
1369708344.132889
1369708344.3420889
1369708344.551224
1369708344.7604091
1369708344.969568
1369708345.1786571
1369708345.387712
1369708345.5967979
1369708345.8058901
1369708346.0149269
1369708346.2240181
1369708346.4330931
1369708346.642184
1369708346.8512931
1369708347.0603371
1369708347.2694869
1369708347.4785011
1369708347.687541
1369708347.8965549
1369708348.1055889
1369708348.3146279
1369708348.5237081
1369708348.7326779
1369708348.941649
1369708349.1506341
1369708349.3596511
1369708349.5687051
1369708349.7777679
1369708349.98685
1369708350.1958489
1369708350.4048481
1369708350.613869
1369708350.822993
1369708351.032068
1369708351.241179
1369708351.4503069
1369708351.6594591
1369708351.868654
1369708352.07779
1369708352.286849
1369708352.495857
1369708352.704757
1369708352.9136529
1369708353.122618
1369708353.3315661
1369708353.5405271
1369708353.7494719
1369708353.958338
1369708354.1672809
1369708354.376276
1369708354.585309
1369708354.794369
1369708355.0034871
1369708355.2125671
1369708355.421654
1369708355.630764
1369708355.839977
1369708356.0493641
1369708356.25895
1369708356.4686091
1369708356.6781549
1369708356.8876121
1369708357.097029
1369708357.306375
1369708357.515563
1369708357.7246699
1369708357.9337411
1369708358.1427431
1369708358.351737
1369708358.5607171
1369708358.7696421
1369708358.9785731
1369708359.1874981
1369708359.396493
1369708359.6054759
1369708359.8144879
1369708360.0235341
1369708360.232559
1369708360.4416561
1369708360.6507421
1369708360.8598731
1369708361.06899
1369708361.2780969
1369708361.4871521
1369708361.6961989
1369708361.905231
1369708362.114228
1369708362.323257
1369708362.5323811
1369708362.7415299
1369708362.9507289
1369708363.1598921
1369708363.3691001
1369708363.5783291
1369708363.78756
1369708363.9967649
1369708364.2059269
1369708364.4150801
1369708364.6241951
1369708364.833276
1369708365.0423059
1369708365.251256
1369708365.4602001
1369708365.669168
1369708365.8781331
1369708366.0869999
1369708366.295846
1369708366.5047641
1369708366.713737
1369708366.922719
1369708367.1317101
1369708367.3407781
1369708367.5498531
1369708367.7589281
1369708367.9680519
1369708368.177186
1369708368.3863461
1369708368.5954289
1369708368.8045681
1369708369.0136969
1369708369.22279
1369708369.431869
1369708369.6409559
1369708369.8499949
1369708370.0590799
1369708370.268167
1369708370.477299
1369708370.6863749
1369708370.8954229
1369708371.1045101
1369708371.313596
1369708371.522728
1369708371.7317979
1369708371.940877
1369708372.149966
1369708372.3590159
1369708372.568109
1369708372.7772219
1369708372.9863551
1369708373.195487
1369708373.404712
1369708373.613997
1369708373.8232999
1369708374.032527
1369708374.2417791
1369708374.4508669
1369708374.6600101
1369708374.8691349
1369708375.0782881
1369708375.2874279
1369708375.496558
1369708375.705646
1369708375.914741
1369708376.123893
1369708376.3330581
1369708376.5421519
1369708376.7512929
1369708376.9604421
1369708377.169611
1369708377.3787451
1369708377.587846
1369708377.7969871
1369708378.006099
1369708378.2152851
1369708378.4244101
1369708378.6335249
1369708378.842658
1369708379.0518179
1369708379.260993
1369708379.4701469
1369708379.6793821
1369708379.8886271
1369708380.097815
1369708380.306951
1369708380.516114
1369708380.725239
1369708380.9343359
1369708381.1434851
1369708381.3525519
1369708381.5616369
1369708381.7707219
1369708381.9798
1369708382.1888909
1369708382.397958
1369708382.606997
1369708382.8160579
1369708383.025146
1369708383.2342291
1369708383.4433429
1369708383.6524501
1369708383.8615811
1369708384.0706711
1369708384.279743
1369708384.488791
1369708384.6978991
1369708384.9070101
1369708385.116195
1369708385.32546
1369708385.5346529
1369708385.743695
1369708385.9527061
1369708386.1617429
1369708386.3708291
1369708386.579937
1369708386.7889991
1369708386.99787
1369708387.2064741
1369708387.4149849
1369708387.623399
1369708387.8317399
1369708388.040081
1369708388.2483759
1369708388.456634
1369708388.665205
1369708388.8739829
1369708389.0829451
1369708389.2919569
1369708389.501014
1369708389.7100141
1369708389.91903
1369708390.1281099
1369708390.3371589
1369708390.5462101
1369708390.7553451
1369708390.9646671
1369708391.1741109
1369708391.383585
1369708391.592993
1369708391.8022771
1369708392.011487
1369708392.220602
1369708392.429687
1369708392.6387701
1369708392.847856
1369708393.0569229
1369708393.26598
1369708393.4750021
1369708393.6840489
1369708393.8929541
1369708394.1020861
1369708394.3117831
1369708394.5213139
1369708394.7306931
1369708394.939889
1369708395.1490049
1369708395.358156
1369708395.567379
1369708395.7765851
1369708395.98593
1369708396.195272
1369708396.4046431
1369708396.613961
1369708396.8232231
1369708397.0325301
1369708397.241847
1369708397.4512889
1369708397.6607771
1369708397.8702929
1369708398.079927
1369708398.289535
1369708398.499083
1369708398.7084789
1369708398.9178281
1369708399.1270349
1369708399.336117
1369708399.5451081
1369708399.753902
1369708399.9626319
1369708400.171356
1369708400.3800869
1369708400.5887091
1369708400.797323
1369708401.0059071
1369708401.2145591
1369708401.4232659
1369708401.632149
1369708401.8410971
1369708402.050061
1369708402.2590981
1369708402.4680979
1369708402.6771259
1369708402.886148
1369708403.0952029
1369708403.304249
1369708403.513232
1369708403.722266
1369708403.931319
1369708404.140347
1369708404.3493841
1369708404.5584199
1369708404.767488
1369708404.9764941
1369708405.1854451
1369708405.3943739
1369708405.603313
1369708405.812191
1369708406.0210891
1369708406.230031
1369708406.4389391
1369708406.6479721
1369708406.857022
1369708407.066062
1369708407.2750969
1369708407.4841621
1369708407.693248
1369708407.902354
1369708408.1114631
1369708408.320528
1369708408.529567
1369708408.7385869
1369708408.9476171
1369708409.156656
1369708409.365746
1369708409.574779
1369708409.7838309
1369708409.9928789
1369708410.202009
1369708410.411021
1369708410.6200881
1369708410.8291481
1369708411.0382569
1369708411.247355
1369708411.456455
1369708411.6655381
1369708411.8746679
1369708412.0839159
1369708412.2932119
1369708412.502414
1369708412.711555
1369708412.9206071
1369708413.1295979
1369708413.3385689
1369708413.547411
1369708413.7562821
1369708413.9651511
1369708414.1740191
1369708414.382961
1369708414.5920291
1369708414.8011301
1369708415.010267
1369708415.2193551
1369708415.4283919
1369708415.6373739
1369708415.8463731
1369708416.0553501
1369708416.2643721
1369708416.473417
1369708416.682493
1369708416.8915329
1369708417.1006191
1369708417.3096361
1369708417.518698
1369708417.727757
1369708417.9367471
1369708418.145715
1369708418.354634
1369708418.5636261
1369708418.7724969
1369708418.9814179
1369708419.19033
1369708419.3991899
1369708419.608043
1369708419.8169019
1369708420.0258081
1369708420.234705
1369708420.44364
1369708420.652607
1369708420.8616221
1369708421.0708029
1369708421.280057
1369708421.4892199
1369708421.698303
1369708421.907342
1369708422.1163549
1369708422.3252921
1369708422.534287
1369708422.743263
1369708422.952215
1369708423.161124
1369708423.370131
1369708423.5791559
1369708423.788147
1369708423.997134
1369708424.2061131
1369708424.415087
1369708424.6240439
1369708424.8330431
1369708425.042053
1369708425.2510891
1369708425.4601109
1369708425.6691129
1369708425.878161
1369708426.0871389
1369708426.296088
1369708426.505028
1369708426.7139821
1369708426.922955
1369708427.13185
1369708427.340673
1369708427.549396
1369708427.7581151
1369708427.9668739
1369708428.175756
1369708428.384706
1369708428.593751
1369708428.8027871
1369708429.011966
1369708429.221221
1369708429.4304991
1369708429.639699
1369708429.8488181
1369708430.0578351
1369708430.2667439
1369708430.4756141
1369708430.6844139
1369708430.893188
1369708431.1020319
1369708431.3108521
1369708431.519676
1369708431.7284279
1369708431.937058
1369708432.14572
1369708432.3544271
1369708432.5632501
1369708432.772177
1369708432.9813831
1369708433.1907489
1369708433.4003971
1369708433.6101079
1369708433.819777
1369708434.0294051
1369708434.238869
1369708434.4482231
1369708434.6574781
1369708434.8666339
1369708435.075722
1369708435.284802
1369708435.4938409
1369708435.7028611
1369708435.9118531
1369708436.1208191
1369708436.329828
1369708436.5387969
1369708436.7476909
1369708436.956655
1369708437.1656449
1369708437.3746819
1369708437.5836959
1369708437.792769
1369708438.0017929
1369708438.2107811
1369708438.4197731
1369708438.6287401
1369708438.8377061
1369708439.046695
1369708439.2556801
1369708439.4646969
1369708439.673744
1369708439.8828149
1369708440.0918519
1369708440.3009441
1369708440.5100091
1369708440.7190721
1369708440.928138
1369708441.1371689
1369708441.3461609
1369708441.555171
1369708441.7641871
1369708441.9731841
1369708442.18224
1369708442.3912849
1369708442.6003649
1369708442.8094521
1369708443.0185909
1369708443.2277169
1369708443.4367981
1369708443.6458659
1369708443.8549099
1369708444.0639491
1369708444.2729831
1369708444.482089
1369708444.6911299
1369708444.900146
1369708445.1091819
1369708445.3181939
1369708445.5272131
1369708445.7363451
1369708445.9455719
1369708446.1547251
1369708446.363817
1369708446.5728569
1369708446.7818649
1369708446.990783
1369708447.1996789
1369708447.408531
1369708447.6174331
1369708447.826436
1369708448.0354209
1369708448.244488
1369708448.4535699
1369708448.662708
1369708448.8718431
1369708449.0809269
1369708449.289963
1369708449.499022
1369708449.708035
1369708449.917124
1369708450.12621
1369708450.3352389
1369708450.5443389
1369708450.753371
1369708450.9623871
1369708451.1714251
1369708451.380414
1369708451.589391
1369708451.7984331
1369708452.0073099
1369708452.21628
1369708452.4252191
1369708452.634161
1369708452.8431289
1369708453.0520689
1369708453.2610321
1369708453.4700229
1369708453.6790631
1369708453.888078
1369708454.0971389
1369708454.3062479
1369708454.5153301
1369708454.72439
1369708454.9334519
1369708455.1425519
1369708455.3515589
1369708455.5606041
1369708455.769701
1369708455.9787409
1369708456.1877539
1369708456.396781
1369708456.605788
1369708456.814769
1369708457.0237899
1369708457.2328219
1369708457.441817
1369708457.6509011
1369708457.8599169
1369708458.068974
1369708458.2780621
1369708458.4871509
1369708458.696183
1369708458.905225
1369708459.1141679
1369708459.3230641
1369708459.531997
1369708459.7409661
1369708459.9499309
1369708460.1589479
1369708460.367934
1369708460.576926
1369708460.7858911
1369708460.9947829
1369708461.203706
1369708461.4127619
1369708461.6218541
1369708461.8309629
1369708462.040004
1369708462.248991
1369708462.458003
1369708462.6670189
1369708462.875865
1369708463.084446
1369708463.292984
1369708463.5015659
1369708463.710145
1369708463.918772
1369708464.1275749
1369708464.3365459
1369708464.5455461
1369708464.7545919
1369708464.9636769
1369708465.1727641
1369708465.381943
1369708465.591152
1369708465.800355
1369708466.0096331
1369708466.2188859
1369708466.428067
1369708466.6372111
1369708466.8463099
1369708467.0555899
1369708467.265156
1369708467.4747961
1369708467.6845281
1369708467.894042
1369708468.1034379
1369708468.3127451
1369708468.5219519
1369708468.731122
1369708468.94012
1369708469.1490929
1369708469.357769
1369708469.5663071
1369708469.7748361
1369708469.983418
1369708470.1921411
1369708470.4010069
1369708470.6100581
1369708470.8192799
1369708471.02858
1369708471.237998
1369708471.44733
1369708471.656677
1369708471.866044
1369708472.0753319
1369708472.2845659
1369708472.493741
1369708472.7028811
1369708472.911869
1369708473.1207409
1369708473.329515
1369708473.538141
1369708473.746773
1369708473.9554479
1369708474.164103
1369708474.3727109
1369708474.581491
1369708474.7904439
1369708474.999716
1369708475.209132
1369708475.4186921
1369708475.6283541
1369708475.837918
1369708476.0473199
1369708476.2565939
1369708476.4657021
1369708476.674716
1369708476.883702
1369708477.0927169
1369708477.301739
1369708477.510771
1369708477.7197399
1369708477.928704
1369708478.137743
1369708478.3467519
1369708478.555769
1369708478.76476
1369708478.973747
1369708479.1827459
1369708479.3917229
1369708479.6007161
1369708479.8096471
1369708480.0186
1369708480.2276399
1369708480.4366331
1369708480.6456649
1369708480.8547299
1369708481.0638161
1369708481.272903
1369708481.481992
1369708481.691011
1369708481.9000311
1369708482.1089859
1369708482.3179259
1369708482.526953
1369708482.735956
1369708482.944968
1369708483.1539831
1369708483.3629761
1369708483.5719371
1369708483.7809019
1369708483.989892
1369708484.1988981
1369708484.4079199
1369708484.616935
1369708484.8259251
1369708485.0349369
1369708485.2439749
1369708485.4529679
1369708485.6619599
1369708485.870954
1369708486.0799601
1369708486.288981
1369708486.4979861
1369708486.7069991
1369708486.915997
1369708487.124963
1369708487.333972
1369708487.5430801
1369708487.7521689
1369708487.961246
1369708488.1703401
1369708488.379425
1369708488.5884371
1369708488.797431
1369708489.0064111
1369708489.2154069
1369708489.424422
1369708489.633461
1369708489.842541
1369708490.051652
1369708490.2607181
1369708490.469743
1369708490.6787961
1369708490.88783
1369708491.096868
1369708491.305963
1369708491.515039
1369708491.7241271
1369708491.9331629
1369708492.1422019
1369708492.35131
1369708492.5604529
1369708492.7695811
1369708492.978761
1369708493.1879439
1369708493.3971021
1369708493.6063089
1369708493.815537
1369708494.0246489
1369708494.2338009
1369708494.442981
1369708494.652216
1369708494.8614681
1369708495.070673
1369708495.2798581
1369708495.4889381
1369708495.6979549
1369708495.9068911
1369708496.1158659
1369708496.324857
1369708496.5338459
1369708496.7428651
1369708496.9518981
1369708497.161036
1369708497.370214
1369708497.5794859
1369708497.78877
1369708497.9980471
1369708498.207298
1369708498.416435
1369708498.625536
1369708498.8346319
1369708499.0437131
1369708499.25278
1369708499.4618659
1369708499.67097
1369708499.880054
1369708500.089143
1369708500.298233
1369708500.5073299
1369708500.716383
1369708500.9253869
1369708501.1345041
1369708501.343596
1369708501.5526409
1369708501.7616749
1369708501.970752
1369708502.1798611
1369708502.388998
1369708502.5980611
1369708502.807106
1369708503.016036
1369708503.225055
1369708503.434063
1369708503.6431129
1369708503.852092
1369708504.060976
1369708504.2698591
1369708504.478828
1369708504.6877899
1369708504.8968239
1369708505.1059589
1369708505.3150461
1369708505.524133
1369708505.7332661
1369708505.942394
1369708506.151438
1369708506.360553
1369708506.569705
1369708506.7787931
1369708506.9879119
1369708507.1970351
1369708507.4061439
1369708507.6152301
1369708507.8243201
1369708508.033437
1369708508.242516
1369708508.451597
1369708508.660722
1369708508.869844
1369708509.078949
1369708509.288166
1369708509.497386
1369708509.706593
1369708509.9158101
1369708510.124938
1369708510.3340421
1369708510.5431299
1369708510.752157
1369708510.961113
1369708511.170074
1369708511.3790181
1369708511.5879829
1369708511.796941
1369708512.005924
1369708512.2148991
1369708512.423902
1369708512.6328371
1369708512.84183
1369708513.0508859
1369708513.259999
1369708513.469095
1369708513.6780579
1369708513.88696
1369708514.0960259
1369708514.3051169
1369708514.5142
1369708514.7232549
1369708514.9323959
1369708515.141571
1369708515.3507099
1369708515.5599179
1369708515.769104
1369708515.9783151
1369708516.187438
1369708516.3965671
1369708516.605706
1369708516.814889
1369708517.0240681
1369708517.2332039
1369708517.44238
1369708517.6515689
1369708517.8607969
1369708518.0700459
1369708518.279335
1369708518.4885819
1369708518.6977761
1369708518.906918
1369708519.1160359
1369708519.3251669
1369708519.534246
1369708519.74331
1369708519.9523261
1369708520.161226
1369708520.369945
1369708520.5786271
1369708520.787262
1369708520.996053
1369708521.2050221
1369708521.4140141
1369708521.6230791
1369708521.8322289
1369708522.041523
1369708522.250906
1369708522.46048
1369708522.670064
1369708522.879637
1369708523.089273
1369708523.2989271
1369708523.5086131
1369708523.7183361
1369708523.928071
1369708524.1378851
1369708524.3475511
1369708524.557162
1369708524.7667911
1369708524.97632
1369708525.1857901
1369708525.395237
1369708525.604579
1369708525.813791
1369708526.022898
1369708526.231957
1369708526.440932
1369708526.649771
1369708526.8585949
1369708527.0673211
1369708527.2760229
1369708527.484628
1369708527.693202
1369708527.901902
1369708528.1108079
1369708528.3198709
1369708528.5290251
1369708528.7381599
1369708528.9472711
1369708529.1563549
1369708529.3654521
1369708529.5744691
1369708529.7835469
1369708529.992461
1369708530.2012711
1369708530.4100549
1369708530.6186819
1369708530.8271711
1369708531.03546
1369708531.2437601
1369708531.4521289
1369708531.6606939
1369708531.8695581
1369708532.0787809
1369708532.2881789
1369708532.497746
1369708532.7075231
1369708532.9173889
1369708533.127213
1369708533.336947
1369708533.5464849
1369708533.755863
1369708533.9651361
1369708534.1743391
1369708534.3834751
1369708534.5925629
1369708534.8016291
1369708535.010639
1369708535.21963
1369708535.4286921
1369708535.6377311
1369708535.8468599
1369708536.0559311
1369708536.264986
1369708536.4741449
1369708536.683352
1369708536.892534
1369708537.1016929
1369708537.310801
1369708537.5198851
1369708537.728919
1369708537.9380479
1369708538.147212
1369708538.356395
1369708538.5655839
1369708538.774755
1369708538.983923
1369708539.1930521
1369708539.402215
1369708539.611392
1369708539.8206179
1369708540.02985
1369708540.239011
1369708540.4481671
1369708540.6572821
1369708540.8663731
1369708541.0754299
1369708541.2845271
1369708541.4934061
1369708541.702142
1369708541.910764
1369708542.1194241
1369708542.328074
1369708542.5368121
1369708542.7456019
1369708542.954489
1369708543.1634319
1369708543.372328
1369708543.581218
1369708543.7901101
1369708543.999089
1369708544.2081959
1369708544.4173861
1369708544.6266711
1369708544.8360009
1369708545.045372
1369708545.254653
1369708545.463917
1369708545.6731329
1369708545.8823669
1369708546.0916679
1369708546.301038
1369708546.5107081
1369708546.7205789
1369708546.9304819
1369708547.140311
1369708547.349967
1369708547.5594931
1369708547.768791
1369708547.9779501
1369708548.1870871
1369708548.3961699
1369708548.60518
1369708548.814152
1369708549.0231299
1369708549.2320631
1369708549.4408851
1369708549.6495409
1369708549.858187
1369708550.0668409
1369708550.2754991
1369708550.48422
1369708550.693017
1369708550.9019401
1369708551.1108849
1369708551.3198941
1369708551.5290029
1369708551.7381141
1369708551.9471669
1369708552.156383
1369708552.3656709
1369708552.575079
1369708552.7845039
1369708552.993731
1369708553.2029531
1369708553.4120469
1369708553.6212311
1369708553.830379
1369708554.039645
1369708554.2489619
1369708554.4582341
1369708554.6674521
1369708554.876554
1369708555.085582
1369708555.2945709
1369708555.503433
1369708555.7121811
1369708555.921154
1369708556.130105
1369708556.3391161
1369708556.5481169
1369708556.757082
1369708556.9659951
1369708557.174963
1369708557.3839641
1369708557.592993
1369708557.8020921
1369708558.0112031
1369708558.220305
1369708558.4293849
1369708558.638422
