1369707854.058
1369707857.093
1369707857.407
1369707857.617
1369707857.826
1369707858.035
1369707858.244
1369707858.349
1369707858.453
1369707858.558
1369707858.663
1369707858.767
1369707858.872
1369707858.977
1369707859.081
1369707859.186
1369707859.291
1369707859.395
1369707859.500
1369707859.604
1369707859.709
1369707859.813
1369707859.918
1369707860.023
1369707860.127
1369707860.232
1369707860.337
1369707860.441
1369707860.546
1369707860.651
1369707860.755
1369707860.860
1369707860.965
1369707861.069
1369707861.174
1369707861.278
1369707861.383
1369707861.488
1369707861.592
1369707861.697
1369707861.802
1369707861.906
1369707862.011
1369707862.115
1369707862.220
1369707862.325
1369707862.429
1369707862.534
1369707862.639
1369707862.743
1369707862.848
1369707862.952
1369707863.057
1369707863.162
1369707863.266
1369707863.371
1369707863.476
1369707863.580
1369707863.685
1369707863.789
1369707863.894
1369707863.999
1369707864.103
1369707864.208
1369707864.312
1369707864.417
1369707864.522
1369707864.626
1369707864.731
1369707864.835
1369707864.940
1369707865.045
1369707865.149
1369707865.254
1369707865.359
1369707865.463
1369707865.568
1369707865.672
1369707865.777
1369707865.882
1369707865.986
1369707866.091
1369707866.195
1369707866.300
1369707866.405
1369707866.509
1369707866.614
1369707866.718
1369707866.822
1369707866.927
1369707867.031
1369707867.136
1369707867.240
1369707867.345
1369707867.449
1369707867.553
1369707867.658
1369707867.762
1369707867.867
1369707867.971
1369707868.076
1369707868.180
1369707868.285
1369707868.389
1369707868.494
1369707868.598
1369707868.703
1369707868.807
1369707868.912
1369707869.017
1369707869.121
1369707869.226
1369707869.330
1369707869.435
1369707869.540
1369707869.644
1369707869.749
1369707869.854
1369707869.959
1369707870.063
1369707870.168
1369707870.273
1369707870.377
1369707870.482
1369707870.587
1369707870.692
1369707870.796
1369707870.901
1369707871.006
1369707871.111
1369707871.216
1369707871.320
1369707871.425
1369707871.530
1369707871.635
1369707871.739
1369707871.844
1369707871.949
1369707872.054
1369707872.158
1369707872.263
1369707872.368
1369707872.472
1369707872.577
1369707872.682
1369707872.786
1369707872.891
1369707872.996
1369707873.100
1369707873.205
1369707873.309
1369707873.414
1369707873.519
1369707873.623
1369707873.728
1369707873.832
1369707873.937
1369707874.041
1369707874.146
1369707874.251
1369707874.355
1369707874.460
1369707874.564
1369707874.669
1369707874.773
1369707874.878
1369707874.983
1369707875.087
1369707875.192
1369707875.296
1369707875.401
1369707875.506
1369707875.610
1369707875.715
1369707875.819
1369707875.924
1369707876.029
1369707876.133
1369707876.238
1369707876.342
1369707876.447
1369707876.551
1369707876.656
1369707876.761
1369707876.865
1369707876.970
1369707877.074
1369707877.179
1369707877.283
1369707877.388
1369707877.493
1369707877.597
1369707877.702
1369707877.806
1369707877.911
1369707878.015
1369707878.120
1369707878.225
1369707878.329
1369707878.434
1369707878.538
1369707878.643
1369707878.747
1369707878.851
1369707878.956
1369707879.060
1369707879.165
1369707879.270
1369707879.374
1369707879.479
1369707879.583
1369707879.688
1369707879.792
1369707879.897
1369707880.002
1369707880.106
1369707880.211
1369707880.316
1369707880.420
1369707880.525
1369707880.630
1369707880.734
1369707880.839
1369707880.944
1369707881.048
1369707881.153
1369707881.257
1369707881.362
1369707881.467
1369707881.571
1369707881.676
1369707881.781
1369707881.885
1369707881.990
1369707882.095
1369707882.199
1369707882.304
1369707882.408
1369707882.513
1369707882.618
1369707882.722
1369707882.827
1369707882.931
1369707883.036
1369707883.140
1369707883.245
1369707883.349
1369707883.454
1369707883.558
1369707883.663
1369707883.767
1369707883.872
1369707883.976
1369707884.081
1369707884.185
1369707884.290
1369707884.394
1369707884.499
1369707884.603
1369707884.708
1369707884.813
1369707884.917
1369707885.022
1369707885.126
1369707885.231
1369707885.336
1369707885.440
1369707885.545
1369707885.649
1369707885.754
1369707885.858
1369707885.963
1369707886.067
1369707886.172
1369707886.277
1369707886.381
1369707886.486
1369707886.590
1369707886.695
1369707886.800
1369707886.904
1369707887.009
1369707887.113
1369707887.218
1369707887.322
1369707887.427
1369707887.532
1369707887.636
1369707887.741
1369707887.845
1369707887.950
1369707888.054
1369707888.159
1369707888.264
1369707888.368
1369707888.473
1369707888.577
1369707888.682
1369707888.787
1369707888.891
1369707888.996
1369707889.101
1369707889.205
1369707889.310
1369707889.415
1369707889.519
1369707889.624
1369707889.729
1369707889.833
1369707889.938
1369707890.043
1369707890.147
1369707890.252
1369707890.357
1369707890.461
1369707890.566
1369707890.671
1369707890.776
1369707890.880
1369707890.985
1369707891.090
1369707891.195
1369707891.299
1369707891.404
1369707891.509
1369707891.613
1369707891.718
1369707891.823
1369707891.928
1369707892.032
1369707892.137
1369707892.241
1369707892.346
1369707892.451
1369707892.555
1369707892.660
1369707892.765
1369707892.869
1369707892.974
1369707893.079
1369707893.183
1369707893.288
1369707893.393
1369707893.497
1369707893.602
1369707893.706
1369707893.810
1369707893.915
1369707894.019
1369707894.124
1369707894.228
1369707894.332
1369707894.437
1369707894.541
1369707894.646
1369707894.750
1369707894.855
1369707894.959
1369707895.064
1369707895.168
1369707895.273
1369707895.377
1369707895.482
1369707895.586
1369707895.691
1369707895.796
1369707895.900
1369707896.005
1369707896.110
1369707896.214
1369707896.319
1369707896.423
1369707896.528
1369707896.633
1369707896.737
1369707896.842
1369707896.946
1369707897.051
1369707897.156
1369707897.260
1369707897.365
1369707897.469
1369707897.574
1369707897.678
1369707897.783
1369707897.887
1369707897.992
1369707898.096
1369707898.201
1369707898.306
1369707898.410
1369707898.515
1369707898.619
1369707898.724
1369707898.828
1369707898.933
1369707899.037
1369707899.142
1369707899.246
1369707899.351
1369707899.455
1369707899.560
1369707899.665
1369707899.769
1369707899.874
1369707899.978
1369707900.083
1369707900.188
1369707900.292
1369707900.397
1369707900.502
1369707900.606
1369707900.711
1369707900.816
1369707900.920
1369707901.025
1369707901.129
1369707901.234
1369707901.339
1369707901.443
1369707901.548
1369707901.652
1369707901.757
1369707901.862
1369707901.966
1369707902.071
1369707902.175
1369707902.280
1369707902.384
1369707902.489
1369707902.594
1369707902.698
1369707902.803
1369707902.907
1369707903.012
1369707903.116
1369707903.221
1369707903.325
1369707903.430
1369707903.534
1369707903.639
1369707903.743
1369707903.848
1369707903.952
1369707904.057
1369707904.161
1369707904.266
1369707904.370
1369707904.475
1369707904.579
1369707904.684
1369707904.789
1369707904.893
1369707904.998
1369707905.103
1369707905.207
1369707905.312
1369707905.417
1369707905.522
1369707905.626
1369707905.731
1369707905.836
1369707905.940
1369707906.045
1369707906.149
1369707906.254
1369707906.359
1369707906.463
1369707906.568
1369707906.673
1369707906.777
1369707906.882
1369707906.987
1369707907.091
1369707907.196
1369707907.301
1369707907.406
1369707907.510
1369707907.615
1369707907.719
1369707907.824
1369707907.929
1369707908.033
1369707908.138
1369707908.242
1369707908.347
1369707908.452
1369707908.556
1369707908.661
1369707908.765
1369707908.870
1369707908.975
1369707909.079
1369707909.184
1369707909.288
1369707909.393
1369707909.497
1369707909.602
1369707909.707
1369707909.811
1369707909.916
1369707910.020
1369707910.125
1369707910.229
1369707910.334
1369707910.438
1369707910.543
1369707910.648
1369707910.752
1369707910.857
1369707910.961
1369707911.066
1369707911.170
1369707911.275
1369707911.380
1369707911.484
1369707911.589
1369707911.693
1369707911.798
1369707911.902
1369707912.007
1369707912.111
1369707912.216
1369707912.320
1369707912.425
1369707912.529
1369707912.634
1369707912.739
1369707912.843
1369707912.948
1369707913.053
1369707913.158
1369707913.262
1369707913.367
1369707913.472
1369707913.577
1369707913.682
1369707913.786
1369707913.891
1369707913.996
1369707914.100
1369707914.205
1369707914.310
1369707914.414
1369707914.519
1369707914.624
1369707914.728
1369707914.833
1369707914.937
1369707915.042
1369707915.146
1369707915.251
1369707915.355
1369707915.460
1369707915.564
1369707915.669
1369707915.773
1369707915.878
1369707915.982
1369707916.087
1369707916.191
1369707916.296
1369707916.400
1369707916.505
1369707916.609
1369707916.714
1369707916.819
1369707916.923
1369707917.028
1369707917.132
1369707917.237
1369707917.341
1369707917.446
1369707917.550
1369707917.655
1369707917.759
1369707917.864
1369707917.969
1369707918.073
1369707918.178
1369707918.282
1369707918.387
1369707918.491
1369707918.596
1369707918.701
1369707918.805
1369707918.910
1369707919.014
1369707919.119
1369707919.223
1369707919.328
1369707919.432
1369707919.537
1369707919.642
1369707919.746
1369707919.851
1369707919.955
1369707920.060
1369707920.165
1369707920.269
1369707920.374
1369707920.478
1369707920.583
1369707920.687
1369707920.792
1369707920.896
1369707921.001
1369707921.106
1369707921.210
1369707921.315
1369707921.419
1369707921.524
1369707921.628
1369707921.733
1369707921.837
1369707921.942
1369707922.046
1369707922.151
1369707922.256
1369707922.360
1369707922.465
1369707922.569
1369707922.674
1369707922.778
1369707922.883
1369707922.987
1369707923.092
1369707923.197
1369707923.301
1369707923.406
1369707923.510
1369707923.615
1369707923.719
1369707923.824
1369707923.928
1369707924.033
1369707924.138
1369707924.242
1369707924.347
1369707924.451
1369707924.556
1369707924.660
1369707924.765
1369707924.869
1369707924.974
1369707925.079
1369707925.183
1369707925.288
1369707925.392
1369707925.497
1369707925.601
1369707925.706
1369707925.811
1369707925.915
1369707926.020
1369707926.125
1369707926.229
1369707926.334
1369707926.439
1369707926.544
1369707926.649
1369707926.753
1369707926.858
1369707926.963
1369707927.068
1369707927.173
1369707927.278
1369707927.383
1369707927.487
1369707927.592
1369707927.696
1369707927.801
1369707927.906
1369707928.010
1369707928.115
1369707928.219
1369707928.323
1369707928.428
1369707928.532
1369707928.637
1369707928.741
1369707928.846
1369707928.950
1369707929.054
1369707929.159
1369707929.263
1369707929.368
1369707929.472
1369707929.577
1369707929.681
1369707929.786
1369707929.890
1369707929.995
1369707930.099
1369707930.204
1369707930.309
1369707930.413
1369707930.518
1369707930.623
1369707930.727
1369707930.832
1369707930.937
1369707931.041
1369707931.146
1369707931.251
1369707931.355
1369707931.460
1369707931.565
1369707931.669
1369707931.774
1369707931.879
1369707931.983
1369707932.088
1369707932.193
1369707932.297
1369707932.402
1369707932.506
1369707932.715
1369707932.925
1369707933.238
1369707934.598
1369707935.226
1369707935.644
1369707935.958
1369707936.167
1369707936.376
1369707936.585
1369707936.690
1369707936.794
1369707936.899
1369707937.003
1369707937.108
1369707937.212
1369707937.317
1369707937.421
1369707937.526
1369707937.631
1369707937.735
1369707937.840
1369707937.945
1369707938.050
1369707938.154
1369707938.259
1369707938.364
1369707938.468
1369707938.573
1369707938.678
1369707938.782
1369707938.887
1369707938.992
1369707939.096
1369707939.201
1369707939.305
1369707939.410
1369707939.515
1369707939.619
1369707939.724
1369707939.828
1369707939.933
1369707940.037
1369707940.141
1369707940.246
1369707940.350
1369707940.455
1369707940.560
1369707940.664
1369707940.769
1369707940.873
1369707940.978
1369707941.082
1369707941.187
1369707941.291
1369707941.396
1369707941.500
1369707941.605
1369707941.710
1369707941.814
1369707941.919
1369707942.023
1369707942.128
1369707942.233
1369707942.337
1369707942.442
1369707942.546
1369707942.651
1369707942.755
1369707942.860
1369707942.964
1369707943.069
1369707943.174
1369707943.278
1369707943.383
1369707943.488
1369707943.592
1369707943.697
1369707943.801
1369707943.906
1369707944.010
1369707944.115
1369707944.220
1369707944.324
1369707944.429
1369707944.533
1369707944.638
1369707944.743
1369707944.847
1369707944.952
1369707945.056
1369707945.161
1369707945.266
1369707945.370
1369707945.475
1369707945.579
1369707945.684
1369707945.788
1369707945.893
1369707945.997
1369707946.102
1369707946.207
1369707946.416
1369707946.625
1369707953.007
1369707953.529
1369707953.843
1369707954.051
1369707954.260
1369707954.469
1369707954.677
1369707954.886
1369707954.991
1369707955.095
1369707955.199
1369707955.304
1369707955.408
1369707955.513
1369707955.617
1369707955.721
1369707955.826
1369707955.930
1369707956.035
1369707956.139
1369707956.244
1369707956.348
1369707956.453
1369707956.557
1369707956.662
1369707956.767
1369707956.871
1369707956.976
1369707957.081
1369707957.186
1369707957.291
1369707957.396
1369707957.500
1369707957.605
1369707957.710
1369707957.815
1369707957.920
1369707958.025
1369707958.130
1369707958.235
1369707958.340
1369707958.445
1369707958.549
1369707958.654
1369707958.759
1369707958.864
1369707958.968
1369707959.073
1369707959.178
1369707959.282
1369707959.387
1369707959.492
1369707959.596
1369707959.701
1369707959.806
1369707959.910
1369707960.015
1369707960.120
1369707960.224
1369707960.329
1369707960.434
1369707960.538
1369707960.643
1369707960.748
1369707960.852
1369707960.957
1369707961.061
1369707961.166
1369707961.271
1369707961.375
1369707961.480
1369707961.584
1369707961.689
1369707961.793
1369707961.898
1369707962.002
1369707962.107
1369707962.211
1369707962.316
1369707962.420
1369707962.525
1369707962.629
1369707962.734
1369707962.838
1369707962.943
1369707963.047
1369707963.152
1369707963.256
1369707963.360
1369707963.465
1369707963.570
1369707963.674
1369707963.778
1369707963.883
1369707963.987
1369707964.092
1369707964.196
1369707964.301
1369707964.405
1369707964.510
1369707964.614
1369707964.719
1369707964.823
1369707964.928
1369707965.032
1369707965.137
1369707965.242
1369707965.346
1369707965.451
1369707965.556
1369707965.660
1369707965.765
1369707965.870
1369707965.974
1369707966.079
1369707966.184
1369707966.288
1369707966.393
1369707966.498
1369707966.603
1369707966.707
1369707966.812
1369707966.916
1369707967.021
1369707967.126
1369707967.230
1369707967.335
1369707967.439
1369707967.544
1369707967.648
1369707967.753
1369707967.857
1369707967.962
1369707968.067
1369707968.171
1369707968.276
1369707968.380
1369707968.485
1369707968.589
1369707968.694
1369707968.798
1369707968.903
1369707969.007
1369707969.112
1369707969.217
1369707969.321
1369707969.426
1369707969.530
1369707969.635
1369707969.739
1369707969.844
1369707969.948
1369707970.053
1369707970.158
1369707970.262
1369707970.367
1369707970.471
1369707970.576
1369707970.680
1369707970.785
1369707970.890
1369707970.994
1369707971.099
1369707971.203
1369707971.308
1369707971.413
1369707971.517
1369707971.622
1369707971.726
1369707971.831
1369707971.935
1369707972.040
1369707972.145
1369707972.249
1369707972.354
1369707972.458
1369707972.563
1369707972.667
1369707972.772
1369707972.876
1369707972.981
1369707973.086
1369707973.190
1369707973.295
1369707973.399
1369707973.504
1369707973.609
1369707973.713
1369707973.818
1369707973.922
1369707974.027
1369707974.131
1369707974.236
1369707974.340
1369707974.445
1369707974.549
1369707974.654
1369707974.759
1369707974.863
1369707974.968
1369707975.072
1369707975.177
1369707975.281
1369707975.386
1369707975.490
1369707975.594
1369707975.699
1369707975.803
1369707975.908
1369707976.012
1369707976.117
1369707976.221
1369707976.325
1369707976.430
1369707976.534
1369707976.639
1369707976.744
1369707976.848
1369707976.953
1369707977.057
1369707977.162
1369707977.266
1369707977.371
1369707977.475
1369707977.580
1369707977.684
1369707977.789
1369707977.893
1369707977.998
1369707978.103
1369707978.207
1369707978.312
1369707978.416
1369707978.521
1369707978.625
1369707978.730
1369707978.834
1369707978.939
1369707979.043
1369707979.148
1369707979.252
1369707979.357
1369707979.461
1369707979.566
1369707979.671
1369707979.775
1369707979.880
1369707979.984
1369707980.089
1369707980.193
1369707980.298
1369707980.402
1369707980.507
1369707980.611
1369707980.716
1369707980.821
1369707980.925
1369707981.030
1369707981.134
1369707981.239
1369707981.343
1369707981.448
1369707981.552
1369707981.657
1369707981.761
1369707981.866
1369707981.970
1369707982.075
1369707982.180
1369707982.284
1369707982.389
1369707982.493
1369707982.598
1369707982.702
1369707982.807
1369707982.911
1369707983.016
1369707983.120
1369707983.225
1369707983.329
1369707983.434
1369707983.538
1369707983.643
1369707983.747
1369707983.852
1369707983.956
1369707984.061
1369707984.165
1369707984.270
1369707984.375
1369707984.479
1369707984.584
1369707984.688
1369707984.793
1369707984.897
1369707985.002
1369707985.106
1369707985.211
1369707985.315
1369707985.420
1369707985.524
1369707985.629
1369707985.733
1369707985.838
1369707985.942
1369707986.047
1369707986.151
1369707986.256
1369707986.360
1369707986.465
1369707986.569
1369707986.674
1369707986.779
1369707986.883
1369707986.988
1369707987.092
1369707987.197
1369707987.301
1369707987.406
1369707987.510
1369707987.615
1369707987.719
1369707987.824
1369707987.928
1369707988.033
1369707988.138
1369707988.242
1369707988.347
1369707988.451
1369707988.556
1369707988.660
1369707988.765
1369707988.869
1369707988.974
1369707989.079
1369707989.183
1369707989.288
1369707989.392
1369707989.497
1369707989.601
1369707989.706
1369707989.810
1369707989.915
1369707990.019
1369707990.124
1369707990.229
1369707990.333
1369707990.438
1369707990.542
1369707990.647
1369707990.751
1369707990.856
1369707990.960
1369707991.065
1369707991.169
1369707991.274
1369707991.378
1369707991.483
1369707991.587
1369707991.691
1369707991.796
1369707991.900
1369707992.005
1369707992.110
1369707992.214
1369707992.319
1369707992.423
1369707992.528
1369707992.632
1369707992.737
1369707992.841
1369707992.946
1369707993.050
1369707993.155
1369707993.260
1369707993.364
1369707993.469
1369707993.573
1369707993.678
1369707993.782
1369707993.887
1369707993.991
1369707994.096
1369707994.200
1369707994.305
1369707994.409
1369707994.514
1369707994.619
1369707994.723
1369707994.828
1369707994.932
1369707995.037
1369707995.141
1369707995.246
1369707995.351
1369707995.455
1369707995.560
1369707995.664
1369707995.769
1369707995.873
1369707995.978
1369707996.082
1369707996.187
1369707996.291
1369707996.396
1369707996.501
1369707996.605
1369707996.710
1369707996.814
1369707996.919
1369707997.023
1369707997.128
1369707997.232
1369707997.337
1369707997.442
1369707997.546
1369707997.651
1369707997.755
1369707997.860
1369707997.964
1369707998.069
1369707998.173
1369707998.278
1369707998.382
1369707998.487
1369707998.592
1369707998.696
1369707998.801
1369707998.905
1369707999.010
1369707999.114
1369707999.219
1369707999.324
1369707999.428
1369707999.533
1369707999.637
1369707999.742
1369707999.846
1369707999.951
1369708000.055
1369708000.160
1369708000.265
1369708000.369
1369708000.474
1369708000.578
1369708000.683
1369708000.788
1369708000.892
1369708000.997
1369708001.101
1369708001.206
1369708001.310
1369708001.415
1369708001.519
1369708001.624
1369708001.728
1369708001.833
1369708001.937
1369708002.042
1369708002.146
1369708002.251
1369708002.355
1369708002.460
1369708002.565
1369708002.669
1369708002.774
1369708002.878
1369708002.983
1369708003.087
1369708003.192
1369708003.296
1369708003.401
1369708003.505
1369708003.610
1369708003.715
1369708003.819
1369708003.924
1369708004.028
1369708004.133
1369708004.237
1369708004.342
1369708004.447
1369708004.551
1369708004.656
1369708004.760
1369708004.865
1369708004.970
1369708005.074
1369708005.179
1369708005.283
1369708005.388
1369708005.492
1369708005.597
1369708005.701
1369708005.806
1369708005.910
1369708006.015
1369708006.119
1369708006.224
1369708006.328
1369708006.433
1369708006.537
1369708006.642
1369708006.746
1369708006.851
1369708006.955
1369708007.059
1369708007.164
1369708007.268
1369708007.373
1369708007.477
1369708007.581
1369708007.685
1369708007.790
1369708007.894
1369708007.998
1369708008.103
1369708008.207
1369708008.311
1369708008.416
1369708008.520
1369708008.625
1369708008.729
1369708008.833
1369708008.938
1369708009.042
1369708009.147
1369708009.251
1369708009.356
1369708009.460
1369708009.565
1369708009.670
1369708009.774
1369708009.879
1369708009.983
1369708010.088
1369708010.193
1369708010.298
1369708010.402
1369708010.507
1369708010.612
1369708010.716
1369708010.821
1369708010.925
1369708011.030
1369708011.135
1369708011.239
1369708011.344
1369708011.448
1369708011.553
1369708011.658
1369708011.762
1369708011.867
1369708011.971
1369708012.076
1369708012.180
1369708012.285
1369708012.390
1369708012.494
1369708012.599
1369708012.703
1369708012.808
1369708012.913
1369708013.017
1369708013.122
1369708013.226
1369708013.331
1369708013.435
1369708013.540
1369708013.645
1369708013.749
1369708013.854
1369708013.958
1369708014.063
1369708014.168
1369708014.272
1369708014.377
1369708014.481
1369708014.586
1369708014.691
1369708014.795
1369708014.900
1369708015.004
1369708015.109
1369708015.213
1369708015.318
1369708015.423
1369708015.527
1369708015.632
1369708015.736
1369708015.841
1369708015.945
1369708016.050
1369708016.154
1369708016.259
1369708016.363
1369708016.468
1369708016.572
1369708016.677
1369708016.781
1369708016.886
1369708016.990
1369708017.095
1369708017.199
1369708017.304
1369708017.408
1369708017.513
1369708017.618
1369708017.722
1369708017.827
1369708017.931
1369708018.036
1369708018.140
1369708018.245
1369708018.349
1369708018.454
1369708018.559
1369708018.663
1369708018.768
1369708018.872
1369708018.977
1369708019.082
1369708019.186
1369708019.291
1369708019.395
1369708019.500
1369708019.604
1369708019.709
1369708019.814
1369708019.918
1369708020.023
1369708020.127
1369708020.232
1369708020.337
1369708020.441
1369708020.546
1369708020.650
1369708020.755
1369708020.859
1369708020.964
1369708021.068
1369708021.173
1369708021.278
1369708021.382
1369708021.487
1369708021.591
1369708021.696
1369708021.800
1369708021.905
1369708022.009
1369708022.114
1369708022.218
1369708022.323
1369708022.428
1369708022.532
1369708022.637
1369708022.741
1369708022.846
1369708022.950
1369708023.055
1369708023.159
1369708023.264
1369708023.368
1369708023.473
1369708023.577
1369708023.682
1369708023.786
1369708023.891
1369708023.995
1369708024.100
1369708024.204
1369708024.308
1369708024.413
1369708024.517
1369708024.621
1369708024.726
1369708024.830
1369708024.934
1369708025.039
1369708025.143
1369708025.248
1369708025.352
1369708025.456
1369708025.561
1369708025.665
1369708025.770
1369708025.874
1369708025.979
1369708026.083
1369708026.188
1369708026.292
1369708026.397
1369708026.502
1369708026.606
1369708026.711
1369708026.815
1369708026.920
1369708027.024
1369708027.129
1369708027.234
1369708027.338
1369708027.443
1369708027.548
1369708027.652
1369708027.757
1369708027.862
1369708027.966
1369708028.071
1369708028.176
1369708028.280
1369708028.385
1369708028.490
1369708028.595
1369708028.699
1369708028.804
1369708028.909
1369708029.014
1369708029.118
1369708029.223
1369708029.328
1369708029.433
1369708029.537
1369708029.642
1369708029.747
1369708029.851
1369708029.956
1369708030.060
1369708030.165
1369708030.270
1369708030.374
1369708030.479
1369708030.583
1369708030.688
1369708030.792
1369708030.897
1369708031.001
1369708031.106
1369708031.210
1369708031.315
1369708031.419
1369708031.524
1369708031.628
1369708031.733
1369708031.837
1369708031.942
1369708032.046
1369708032.151
1369708032.256
1369708032.360
1369708032.465
1369708032.569
1369708032.674
1369708032.778
1369708032.883
1369708032.988
1369708033.092
1369708033.197
1369708033.301
1369708033.406
1369708033.511
1369708033.615
1369708033.720
1369708033.824
1369708033.929
1369708034.033
1369708034.138
1369708034.242
1369708034.347
1369708034.451
1369708034.556
1369708034.660
1369708034.765
1369708034.869
1369708034.974
1369708035.078
1369708035.183
1369708035.287
1369708035.392
1369708035.496
1369708035.601
1369708035.705
1369708035.810
1369708035.914
1369708036.019
1369708036.123
1369708036.228
1369708036.332
1369708036.437
1369708036.541
1369708036.646
1369708036.750
1369708036.855
1369708036.960
1369708037.064
1369708037.169
1369708037.273
1369708037.378
1369708037.482
1369708037.587
1369708037.691
1369708037.796
1369708037.900
1369708038.005
1369708038.109
1369708038.214
1369708038.319
1369708038.423
1369708038.528
1369708038.632
1369708038.737
1369708038.842
1369708038.946
1369708039.051
1369708039.155
1369708039.260
1369708039.364
1369708039.469
1369708039.574
1369708039.678
1369708039.783
1369708039.887
1369708039.992
1369708040.096
1369708040.201
1369708040.305
1369708040.410
1369708040.514
1369708040.619
1369708040.724
1369708040.828
1369708040.933
1369708041.037
1369708041.142
1369708041.246
1369708041.351
1369708041.455
1369708041.560
1369708041.664
1369708041.769
1369708041.873
1369708041.978
1369708042.083
1369708042.187
1369708042.292
1369708042.396
1369708042.501
1369708042.605
1369708042.710
1369708042.814
1369708042.919
1369708043.023
1369708043.128
1369708043.232
1369708043.337
1369708043.441
1369708043.546
1369708043.650
1369708043.755
1369708043.859
1369708043.964
1369708044.068
1369708044.173
1369708044.277
1369708044.382
1369708044.487
1369708044.591
1369708044.696
1369708044.800
1369708044.905
1369708045.009
1369708045.114
1369708045.218
1369708045.323
1369708045.427
1369708045.532
1369708045.637
1369708045.741
1369708045.846
1369708045.950
1369708046.055
1369708046.159
1369708046.264
1369708046.368
1369708046.473
1369708046.577
1369708046.682
1369708046.787
1369708046.891
1369708046.996
1369708047.100
1369708047.205
1369708047.309
1369708047.414
1369708047.518
1369708047.623
1369708047.728
1369708047.832
1369708047.937
1369708048.041
1369708048.146
1369708048.250
1369708048.355
1369708048.459
1369708048.564
1369708048.668
1369708048.773
1369708048.878
1369708048.982
1369708049.087
1369708049.191
1369708049.296
1369708049.400
1369708049.505
1369708049.610
1369708049.714
1369708049.819
1369708049.923
1369708050.028
1369708050.133
1369708050.237
1369708050.342
1369708050.447
1369708050.552
1369708050.656
1369708050.761
1369708050.866
1369708050.971
1369708051.075
1369708051.180
1369708051.285
1369708051.390
1369708051.494
1369708051.599
1369708051.704
1369708051.808
1369708051.913
1369708052.018
1369708052.122
1369708052.227
1369708052.331
1369708052.436
1369708052.540
1369708052.645
1369708052.749
1369708052.853
1369708052.958
1369708053.062
1369708053.167
1369708053.271
1369708053.376
1369708053.480
1369708053.585
1369708053.689
1369708053.794
1369708053.898
1369708054.003
1369708054.107
1369708054.212
1369708054.316
1369708054.421
1369708054.525
1369708054.630
1369708054.734
1369708054.839
1369708054.943
1369708055.048
1369708055.152
1369708055.257
1369708055.361
1369708055.466
1369708055.570
1369708055.675
1369708055.779
1369708055.884
1369708055.989
1369708056.093
1369708056.198
1369708056.302
1369708056.407
1369708056.511
1369708056.616
1369708056.720
1369708056.825
1369708056.930
1369708057.034
1369708057.139
1369708057.243
1369708057.348
1369708057.452
1369708057.557
1369708057.662
1369708057.766
1369708057.871
1369708057.975
1369708058.080
1369708058.184
1369708058.289
1369708058.394
1369708058.498
1369708058.603
1369708058.707
1369708058.812
1369708058.916
1369708059.021
1369708059.125
1369708059.230
1369708059.334
1369708059.439
1369708059.544
1369708059.648
1369708059.753
1369708059.857
1369708059.962
1369708060.066
1369708060.171
1369708060.276
1369708060.380
1369708060.485
1369708060.589
1369708060.693
1369708060.798
1369708060.902
1369708061.007
1369708061.111
1369708061.216
1369708061.320
1369708061.425
1369708061.529
1369708061.634
1369708061.738
1369708061.843
1369708061.947
1369708062.052
1369708062.156
1369708062.261
1369708062.365
1369708062.470
1369708062.574
1369708062.679
1369708062.783
1369708062.888
1369708062.992
1369708063.097
1369708063.201
1369708063.306
1369708063.411
1369708063.515
1369708063.620
1369708063.724
1369708063.829
1369708063.933
1369708064.038
1369708064.143
1369708064.247
1369708064.352
1369708064.456
1369708064.561
1369708064.665
1369708064.770
1369708064.875
1369708064.979
1369708065.084
1369708065.188
1369708065.293
1369708065.398
1369708065.502
1369708065.607
1369708065.712
1369708065.816
1369708065.921
1369708066.026
1369708066.130
1369708066.235
1369708066.340
1369708066.444
1369708066.549
1369708066.654
1369708066.758
1369708066.863
1369708066.968
1369708067.072
1369708067.177
1369708067.281
1369708067.386
1369708067.491
1369708067.595
1369708067.700
1369708067.804
1369708067.909
1369708068.013
1369708068.118
1369708068.222
1369708068.327
1369708068.432
1369708068.536
1369708068.641
1369708068.745
1369708068.850
1369708068.954
1369708069.059
1369708069.163
1369708069.268
1369708069.373
1369708069.477
1369708069.582
1369708069.686
1369708069.791
1369708069.895
1369708070.000
1369708070.104
1369708070.209
1369708070.314
1369708070.418
1369708070.523
1369708070.627
1369708070.732
1369708070.836
1369708070.941
1369708071.045
1369708071.150
1369708071.255
1369708071.359
1369708071.464
1369708071.568
1369708071.673
1369708071.777
1369708071.882
1369708071.987
1369708072.092
1369708072.196
1369708072.301
1369708072.406
1369708072.511
1369708072.616
1369708072.721
1369708072.825
1369708072.930
1369708073.035
1369708073.140
1369708073.244
1369708073.349
1369708073.453
1369708073.558
1369708073.662
1369708073.767
1369708073.872
1369708073.976
1369708074.081
1369708074.185
1369708074.290
1369708074.394
1369708074.499
1369708074.603
1369708074.708
1369708074.812
1369708074.917
1369708075.021
1369708075.126
1369708075.230
1369708075.335
1369708075.439
1369708075.544
1369708075.648
1369708075.753
1369708075.857
1369708075.961
1369708076.066
1369708076.170
1369708076.275
1369708076.379
1369708076.483
1369708076.588
1369708076.692
1369708076.796
1369708076.901
1369708077.005
1369708077.110
1369708077.214
1369708077.319
1369708077.423
1369708077.528
1369708077.632
1369708077.737
1369708077.841
1369708077.946
1369708078.050
1369708078.155
1369708078.259
1369708078.364
1369708078.469
1369708078.573
1369708078.678
1369708078.782
1369708078.887
1369708078.991
1369708079.096
1369708079.200
1369708079.305
1369708079.409
1369708079.514
1369708079.619
1369708079.723
1369708079.828
1369708079.933
1369708080.037
1369708080.142
1369708080.246
1369708080.351
1369708080.456
1369708080.560
1369708080.665
1369708080.770
1369708080.874
1369708080.979
1369708081.083
1369708081.188
1369708081.293
1369708081.397
1369708081.502
1369708081.606
1369708081.711
1369708081.815
1369708081.920
1369708082.024
1369708082.128
1369708082.233
1369708082.337
1369708082.441
1369708082.545
1369708082.649
1369708082.754
1369708082.858
1369708082.962
1369708083.066
1369708083.170
1369708083.275
1369708083.379
1369708083.483
1369708083.588
1369708083.692
1369708083.797
1369708083.902
1369708084.006
1369708084.111
1369708084.215
1369708084.320
1369708084.424
1369708084.529
1369708084.634
1369708084.738
1369708084.843
1369708084.947
1369708085.052
1369708085.156
1369708085.261
1369708085.365
1369708085.470
1369708085.574
1369708085.679
1369708085.783
1369708085.888
1369708085.992
1369708086.097
1369708086.201
1369708086.305
1369708086.410
1369708086.514
1369708086.619
1369708086.723
1369708086.827
1369708086.932
1369708087.036
1369708087.141
1369708087.245
1369708087.350
1369708087.454
1369708087.558
1369708087.663
1369708087.767
1369708087.872
1369708087.976
1369708088.081
1369708088.186
1369708088.290
1369708088.395
1369708088.500
1369708088.605
1369708088.710
1369708088.815
1369708088.920
1369708089.025
1369708089.130
1369708089.235
1369708089.340
1369708089.445
1369708089.550
1369708089.655
1369708089.760
1369708089.865
1369708089.970
1369708090.075
1369708090.180
1369708090.285
1369708090.390
1369708090.495
1369708090.600
1369708090.704
1369708090.809
1369708090.914
1369708091.018
1369708091.123
1369708091.228
1369708091.332
1369708091.436
1369708091.541
1369708091.645
1369708091.750
1369708091.854
1369708091.958
1369708092.063
1369708092.167
1369708092.271
1369708092.376
1369708092.480
1369708092.584
1369708092.689
1369708092.793
1369708092.898
1369708093.002
1369708093.107
1369708093.211
1369708093.315
1369708093.420
1369708093.524
1369708093.629
1369708093.733
1369708093.838
1369708093.942
1369708094.047
1369708094.151
1369708094.256
1369708094.361
1369708094.465
1369708094.570
1369708094.674
1369708094.779
1369708094.883
1369708094.988
1369708095.093
1369708095.197
1369708095.302
1369708095.407
1369708095.512
1369708095.616
1369708095.721
1369708095.826
1369708095.930
1369708096.035
1369708096.140
1369708096.245
1369708096.349
1369708096.454
1369708096.559
1369708096.663
1369708096.768
1369708096.873
1369708096.978
1369708097.082
1369708097.187
1369708097.292
1369708097.396
1369708097.501
1369708097.605
1369708097.710
1369708097.814
1369708097.919
1369708098.023
1369708098.128
1369708098.232
1369708098.337
1369708098.442
1369708098.546
1369708098.651
1369708098.755
1369708098.859
1369708098.964
1369708099.068
1369708099.173
1369708099.277
1369708099.382
1369708099.486
1369708099.590
1369708099.695
1369708099.799
1369708099.904
1369708100.008
1369708100.112
1369708100.217
1369708100.321
1369708100.426
1369708100.530
1369708100.634
1369708100.739
1369708100.843
1369708100.947
1369708101.052
1369708101.156
1369708101.261
1369708101.365
1369708101.470
1369708101.574
1369708101.678
1369708101.783
1369708101.887
1369708101.992
1369708102.096
1369708102.201
1369708102.305
1369708102.410
1369708102.515
1369708102.619
1369708102.724
1369708102.828
1369708102.932
1369708103.037
1369708103.141
1369708103.246
1369708103.350
1369708103.455
1369708103.560
1369708103.664
1369708103.768
1369708103.873
1369708103.977
1369708104.082
1369708104.187
1369708104.291
1369708104.396
1369708104.500
1369708104.605
1369708104.709
1369708104.814
1369708104.918
1369708105.023
1369708105.127
1369708105.232
1369708105.336
1369708105.441
1369708105.545
1369708105.650
1369708105.754
1369708105.859
1369708105.963
1369708106.068
1369708106.172
1369708106.277
1369708106.382
1369708106.486
1369708106.591
1369708106.696
1369708106.801
1369708106.905
1369708107.010
1369708107.115
1369708107.220
1369708107.324
1369708107.429
1369708107.534
1369708107.639
1369708107.743
1369708107.848
1369708107.952
1369708108.057
1369708108.162
1369708108.266
1369708108.371
1369708108.476
1369708108.580
1369708108.685
1369708108.790
1369708108.894
1369708108.999
1369708109.104
1369708109.208
1369708109.313
1369708109.417
1369708109.522
1369708109.626
1369708109.731
1369708109.835
1369708109.940
1369708110.044
1369708110.149
1369708110.253
1369708110.357
1369708110.462
1369708110.566
1369708110.671
1369708110.775
1369708110.879
1369708110.983
1369708111.088
1369708111.192
1369708111.296
1369708111.401
1369708111.505
1369708111.609
1369708111.714
1369708111.818
1369708111.923
1369708112.027
1369708112.132
1369708112.236
1369708112.340
1369708112.445
1369708112.549
1369708112.654
1369708112.758
1369708112.863
1369708112.967
1369708113.072
1369708113.176
1369708113.281
1369708113.386
1369708113.490
1369708113.595
1369708113.699
1369708113.804
1369708113.908
1369708114.013
1369708114.118
1369708114.222
1369708114.327
1369708114.431
1369708114.536
1369708114.640
1369708114.745
1369708114.850
1369708114.954
1369708115.059
1369708115.163
1369708115.268
1369708115.373
1369708115.477
1369708115.582
1369708115.687
1369708115.791
1369708115.896
1369708116.001
1369708116.105
1369708116.210
1369708116.315
1369708116.419
1369708116.524
1369708116.628
1369708116.733
1369708116.837
1369708116.942
1369708117.046
1369708117.151
1369708117.255
1369708117.359
1369708117.463
1369708117.567
1369708117.672
1369708117.776
1369708117.880
1369708117.984
1369708118.088
1369708118.192
1369708118.296
1369708118.401
1369708118.505
1369708118.609
1369708118.714
1369708118.818
1369708118.922
1369708119.027
1369708119.131
1369708119.236
1369708119.340
1369708119.445
1369708119.549
1369708119.654
1369708119.758
1369708119.863
1369708119.967
1369708120.071
1369708120.176
1369708120.280
1369708120.385
1369708120.489
1369708120.594
1369708120.698
1369708120.803
1369708120.907
1369708121.012
1369708121.116
1369708121.221
1369708121.325
1369708121.430
1369708121.534
1369708121.639
1369708121.743
1369708121.847
1369708121.952
1369708122.057
1369708122.161
1369708122.266
1369708122.370
1369708122.475
1369708122.579
1369708122.684
1369708122.788
1369708122.893
1369708122.998
1369708123.103
1369708123.207
1369708123.312
1369708123.417
1369708123.522
1369708123.627
1369708123.732
1369708123.837
1369708123.942
1369708124.047
1369708124.152
1369708124.257
1369708124.362
1369708124.467
1369708124.572
1369708124.677
1369708124.782
1369708124.887
1369708124.992
1369708125.097
1369708125.202
1369708125.307
1369708125.411
1369708125.516
1369708125.621
1369708125.726
1369708125.830
1369708125.935
1369708126.039
1369708126.144
1369708126.248
1369708126.353
1369708126.457
1369708126.561
1369708126.665
1369708126.770
1369708126.874
1369708126.978
1369708127.083
1369708127.187
1369708127.292
1369708127.396
1369708127.501
1369708127.605
1369708127.710
1369708127.814
1369708127.919
1369708128.023
1369708128.128
1369708128.232
1369708128.337
1369708128.441
1369708128.546
1369708128.650
1369708128.755
1369708128.859
1369708128.964
1369708129.068
1369708129.173
1369708129.277
1369708129.382
1369708129.487
1369708129.591
1369708129.696
1369708129.800
1369708129.905
1369708130.010
1369708130.114
1369708130.219
1369708130.324
1369708130.428
1369708130.533
1369708130.638
1369708130.742
1369708130.847
1369708130.952
1369708131.057
1369708131.161
1369708131.266
1369708131.371
1369708131.476
1369708131.580
1369708131.685
1369708131.790
1369708131.894
1369708131.999
1369708132.104
1369708132.208
1369708132.313
1369708132.417
1369708132.522
1369708132.627
1369708132.731
1369708132.836
1369708132.940
1369708133.045
1369708133.149
1369708133.254
1369708133.358
1369708133.462
1369708133.567
1369708133.671
1369708133.776
1369708133.880
1369708133.984
1369708134.089
1369708134.193
1369708134.298
1369708134.402
1369708134.506
1369708134.611
1369708134.715
1369708134.820
1369708134.924
1369708135.028
1369708135.133
1369708135.237
1369708135.341
1369708135.445
1369708135.550
1369708135.654
1369708135.758
1369708135.863
1369708135.967
1369708136.071
1369708136.176
1369708136.280
1369708136.384
1369708136.488
1369708136.593
1369708136.697
1369708136.801
1369708136.905
1369708137.010
1369708137.114
1369708137.218
1369708137.323
1369708137.427
1369708137.531
1369708137.636
1369708137.740
1369708137.845
1369708137.949
1369708138.054
1369708138.158
1369708138.262
1369708138.367
1369708138.471
1369708138.576
1369708138.680
1369708138.785
1369708138.889
1369708138.994
1369708139.098
1369708139.203
1369708139.308
1369708139.412
1369708139.517
1369708139.621
1369708139.726
1369708139.831
1369708139.936
1369708140.040
1369708140.145
1369708140.250
1369708140.354
1369708140.459
1369708140.564
1369708140.668
1369708140.773
1369708140.878
1369708140.982
1369708141.087
1369708141.192
1369708141.296
1369708141.401
1369708141.506
1369708141.610
1369708141.715
1369708141.819
1369708141.924
1369708142.028
1369708142.133
1369708142.237
1369708142.342
1369708142.446
1369708142.551
1369708142.655
1369708142.759
1369708142.864
1369708142.968
1369708143.073
1369708143.177
1369708143.282
1369708143.386
1369708143.491
1369708143.595
1369708143.700
1369708143.804
1369708143.909
1369708144.013
1369708144.118
1369708144.223
1369708144.327
1369708144.432
1369708144.536
1369708144.641
1369708144.745
1369708144.850
1369708144.955
1369708145.059
1369708145.164
1369708145.269
1369708145.373
1369708145.478
1369708145.583
1369708145.687
1369708145.792
1369708145.897
1369708146.001
1369708146.106
1369708146.210
1369708146.315
1369708146.419
1369708146.524
1369708146.629
1369708146.733
1369708146.838
1369708146.942
1369708147.047
1369708147.151
1369708147.256
1369708147.360
1369708147.465
1369708147.570
1369708147.674
1369708147.779
1369708147.883
1369708147.988
1369708148.092
1369708148.197
1369708148.301
1369708148.406
1369708148.510
1369708148.615
1369708148.719
1369708148.824
1369708148.929
1369708149.033
1369708149.138
1369708149.242
1369708149.347
1369708149.452
1369708149.556
1369708149.661
1369708149.766
1369708149.870
1369708149.975
1369708150.080
1369708150.185
1369708150.290
1369708150.394
1369708150.499
1369708150.604
1369708150.708
1369708150.813
1369708150.918
1369708151.022
1369708151.127
1369708151.232
1369708151.336
1369708151.441
1369708151.545
1369708151.650
1369708151.754
1369708151.859
1369708151.963
1369708152.068
1369708152.172
1369708152.277
1369708152.381
1369708152.485
1369708152.589
1369708152.694
1369708152.798
1369708152.902
1369708153.006
1369708153.111
1369708153.215
1369708153.319
1369708153.423
1369708153.527
1369708153.632
1369708153.736
1369708153.840
1369708153.945
1369708154.049
1369708154.153
1369708154.258
1369708154.362
1369708154.466
1369708154.571
1369708154.675
1369708154.779
1369708154.884
1369708154.988
1369708155.093
1369708155.197
1369708155.302
1369708155.406
1369708155.511
1369708155.615
1369708155.720
1369708155.824
1369708155.929
1369708156.034
1369708156.138
1369708156.243
1369708156.347
1369708156.452
1369708156.557
1369708156.661
1369708156.766
1369708156.871
1369708156.975
1369708157.080
1369708157.184
1369708157.289
1369708157.393
1369708157.498
1369708157.603
1369708157.707
1369708157.812
1369708157.916
1369708158.021
1369708158.125
1369708158.230
1369708158.334
1369708158.439
1369708158.543
1369708158.648
1369708158.752
1369708158.857
1369708158.961
1369708159.066
1369708159.170
1369708159.275
1369708159.380
1369708159.484
1369708159.589
1369708159.694
1369708159.799
1369708159.904
1369708160.009
1369708160.114
1369708160.219
1369708160.323
1369708160.428
1369708160.533
1369708160.638
1369708160.743
1369708160.848
1369708160.952
1369708161.057
1369708161.162
1369708161.267
1369708161.371
1369708161.476
1369708161.581
1369708161.685
1369708161.790
1369708161.894
1369708161.999
1369708162.104
1369708162.208
1369708162.313
1369708162.417
1369708162.522
1369708162.626
1369708162.731
1369708162.836
1369708162.940
1369708163.044
1369708163.149
1369708163.253
1369708163.358
1369708163.462
1369708163.567
1369708163.671
1369708163.776
1369708163.880
1369708163.985
1369708164.089
1369708164.194
1369708164.298
1369708164.403
1369708164.507
1369708164.612
1369708164.716
1369708164.821
1369708164.925
1369708165.030
1369708165.134
1369708165.239
1369708165.343
1369708165.448
1369708165.552
1369708165.657
1369708165.761
1369708165.866
1369708165.970
1369708166.075
1369708166.179
1369708166.284
1369708166.388
1369708166.493
1369708166.597
1369708166.702
1369708166.806
1369708166.911
1369708167.016
1369708167.120
1369708167.225
1369708167.329
1369708167.434
1369708167.538
1369708167.643
1369708167.747
1369708167.852
1369708167.957
1369708168.061
1369708168.166
1369708168.270
1369708168.375
1369708168.480
1369708168.584
1369708168.689
1369708168.793
1369708168.898
1369708169.002
1369708169.107
1369708169.211
1369708169.316
1369708169.420
1369708169.525
1369708169.629
1369708169.734
1369708169.838
1369708169.943
1369708170.047
1369708170.151
1369708170.256
1369708170.360
1369708170.465
1369708170.569
1369708170.674
1369708170.778
1369708170.883
1369708170.987
1369708171.092
1369708171.196
1369708171.301
1369708171.405
1369708171.510
1369708171.614
1369708171.719
1369708171.823
1369708171.928
1369708172.032
1369708172.137
1369708172.241
1369708172.346
1369708172.450
1369708172.555
1369708172.659
1369708172.764
1369708172.868
1369708172.973
1369708173.077
1369708173.181
1369708173.286
1369708173.390
1369708173.495
1369708173.599
1369708173.703
1369708173.808
1369708173.912
1369708174.016
1369708174.121
1369708174.225
1369708174.330
1369708174.434
1369708174.539
1369708174.643
1369708174.748
1369708174.852
1369708174.957
1369708175.061
1369708175.165
1369708175.270
1369708175.374
1369708175.479
1369708175.583
1369708175.688
1369708175.792
1369708175.897
1369708176.001
1369708176.106
1369708176.210
1369708176.315
1369708176.419
1369708176.524
1369708176.629
1369708176.733
1369708176.838
1369708176.943
1369708177.047
1369708177.152
1369708177.257
1369708177.361
1369708177.466
1369708177.571
1369708177.675
1369708177.780
1369708177.885
1369708177.989
1369708178.094
1369708178.198
1369708178.303
1369708178.407
1369708178.512
1369708178.616
1369708178.721
1369708178.825
1369708178.930
1369708179.034
1369708179.139
1369708179.243
1369708179.348
1369708179.452
1369708179.556
1369708179.661
1369708179.765
1369708179.870
1369708179.974
1369708180.078
1369708180.183
1369708180.287
1369708180.392
1369708180.496
1369708180.601
1369708180.705
1369708180.810
1369708180.914
1369708181.019
1369708181.123
1369708181.228
1369708181.333
1369708181.437
1369708181.541
1369708181.646
1369708181.750
1369708181.855
1369708181.960
1369708182.064
1369708182.168
1369708182.273
1369708182.378
1369708182.482
1369708182.587
1369708182.691
1369708182.796
1369708182.900
1369708183.005
1369708183.109
1369708183.214
1369708183.318
1369708183.423
1369708183.527
1369708183.632
1369708183.736
1369708183.841
1369708183.945
1369708184.050
1369708184.154
1369708184.259
1369708184.363
1369708184.468
1369708184.573
1369708184.677
1369708184.782
1369708184.886
1369708184.991
1369708185.095
1369708185.200
1369708185.304
1369708185.409
1369708185.513
1369708185.618
1369708185.722
1369708185.827
1369708185.931
1369708186.035
1369708186.140
1369708186.244
1369708186.349
1369708186.453
1369708186.557
1369708186.662
1369708186.766
1369708186.870
1369708186.975
1369708187.079
1369708187.183
1369708187.287
1369708187.391
1369708187.496
1369708187.600
1369708187.704
1369708187.808
1369708187.912
1369708188.017
1369708188.121
1369708188.225
1369708188.330
1369708188.434
1369708188.538
1369708188.643
1369708188.747
1369708188.851
1369708188.956
1369708189.060
1369708189.165
1369708189.269
1369708189.373
1369708189.478
1369708189.583
1369708189.687
1369708189.792
1369708189.896
1369708190.001
1369708190.211
1369708190.420
1369708190.735
1369708192.202
1369708192.516
1369708192.725
1369708192.934
1369708193.143
1369708193.352
1369708193.561
1369708193.770
1369708193.979
1369708194.293
1369708195.025
1369708196.697
1369708197.010
1369708197.219
1369708197.427
1369708197.636
1369708197.845
1369708198.053
1369708198.262
1369708198.366
1369708198.471
1369708198.575
1369708198.680
1369708198.784
1369708198.889
1369708198.993
1369708199.098
1369708199.203
1369708199.307
1369708199.412
1369708199.517
1369708199.622
1369708199.726
1369708199.831
1369708199.936
1369708200.041
1369708200.145
1369708200.250
1369708200.355
1369708200.459
1369708200.564
1369708200.669
1369708200.774
1369708200.878
1369708200.983
1369708201.087
1369708201.192
1369708201.297
1369708201.401
1369708201.506
1369708201.611
1369708201.715
1369708201.820
1369708201.925
1369708202.029
1369708202.134
1369708202.238
1369708202.343
1369708202.448
1369708202.552
1369708202.657
1369708202.762
1369708202.866
1369708202.971
1369708203.075
1369708203.180
1369708203.284
1369708203.389
1369708203.493
1369708203.598
1369708203.702
1369708203.806
1369708203.911
1369708204.015
1369708204.120
1369708204.224
1369708204.329
1369708204.433
1369708204.538
1369708204.642
1369708204.747
1369708204.851
1369708204.956
1369708205.060
1369708205.165
1369708205.269
1369708205.374
1369708205.478
1369708205.583
1369708205.688
1369708205.792
1369708205.897
1369708206.001
1369708206.106
1369708206.210
1369708206.315
1369708206.420
1369708206.524
1369708206.629
1369708206.733
1369708206.838
1369708206.942
1369708207.047
1369708207.152
1369708207.256
1369708207.361
1369708207.465
1369708207.570
1369708207.674
1369708207.779
1369708207.883
1369708207.988
1369708208.093
1369708208.197
1369708208.302
1369708208.406
1369708208.511
1369708208.615
1369708208.720
1369708208.824
1369708208.929
1369708209.034
1369708209.138
1369708209.243
1369708209.347
1369708209.452
1369708209.556
1369708209.661
1369708209.765
1369708209.870
1369708209.975
1369708210.079
1369708210.184
1369708210.288
1369708210.393
1369708210.497
1369708210.602
1369708210.706
1369708210.811
1369708210.916
1369708211.020
1369708211.125
1369708211.229
1369708211.334
1369708211.439
1369708211.543
1369708211.648
1369708211.752
1369708211.857
1369708211.961
1369708212.066
1369708212.171
1369708212.275
1369708212.380
1369708212.484
1369708212.589
1369708212.694
1369708212.798
1369708212.903
1369708213.007
1369708213.112
1369708213.217
1369708213.321
1369708213.426
1369708213.530
1369708213.635
1369708213.740
1369708213.844
1369708213.949
1369708214.053
1369708214.158
1369708214.262
1369708214.367
1369708214.472
1369708214.576
1369708214.681
1369708214.785
1369708214.890
1369708214.994
1369708215.099
1369708215.204
1369708215.308
1369708215.413
1369708215.517
1369708215.622
1369708215.726
1369708215.831
1369708215.936
1369708216.040
1369708216.145
1369708216.249
1369708216.354
1369708216.458
1369708216.563
1369708216.667
1369708216.772
1369708216.876
1369708216.981
1369708217.085
1369708217.190
1369708217.295
1369708217.399
1369708217.504
1369708217.608
1369708217.713
1369708217.817
1369708217.922
1369708218.026
1369708218.131
1369708218.235
1369708218.340
1369708218.444
1369708218.549
1369708218.653
1369708218.758
1369708218.862
1369708218.967
1369708219.071
1369708219.176
1369708219.281
1369708219.385
1369708219.490
1369708219.594
1369708219.699
1369708219.804
1369708219.908
1369708220.013
1369708220.117
1369708220.222
1369708220.326
1369708220.431
1369708220.536
1369708220.640
1369708220.745
1369708220.849
1369708220.954
1369708221.059
1369708221.163
1369708221.268
1369708221.373
1369708221.477
1369708221.582
1369708221.686
1369708221.791
1369708221.895
1369708222.000
1369708222.105
1369708222.209
1369708222.314
1369708222.418
1369708222.523
1369708222.628
1369708222.732
1369708222.837
1369708222.941
1369708223.046
1369708223.150
1369708223.255
1369708223.359
1369708223.464
1369708223.568
1369708223.673
1369708223.777
1369708223.882
1369708223.987
1369708224.091
1369708224.195
1369708224.300
1369708224.404
1369708224.509
1369708224.613
1369708224.717
1369708224.822
1369708224.926
1369708225.031
1369708225.135
1369708225.240
1369708225.344
1369708225.449
1369708225.553
1369708225.658
1369708225.762
1369708225.867
1369708225.972
1369708226.076
1369708226.181
1369708226.285
1369708226.390
1369708226.494
1369708226.599
1369708226.704
1369708226.808
1369708226.913
1369708227.018
1369708227.122
1369708227.227
1369708227.332
1369708227.436
1369708227.541
1369708227.646
1369708227.750
1369708227.855
1369708227.959
1369708228.064
1369708228.169
1369708228.273
1369708228.378
1369708228.483
1369708228.587
1369708228.692
1369708228.796
1369708228.901
1369708229.006
1369708229.110
1369708229.215
1369708229.319
1369708229.424
1369708229.528
1369708229.633
1369708229.738
1369708229.842
1369708229.947
1369708230.051
1369708230.156
1369708230.260
1369708230.365
1369708230.470
1369708230.574
1369708230.679
1369708230.783
1369708230.888
1369708230.993
1369708231.097
1369708231.202
1369708231.306
1369708231.411
1369708231.515
1369708231.620
1369708231.725
1369708231.829
1369708231.934
1369708232.038
1369708232.143
1369708232.247
1369708232.352
1369708232.456
1369708232.561
1369708232.665
1369708232.770
1369708232.874
1369708232.979
1369708233.084
1369708233.188
1369708233.293
1369708233.397
1369708233.502
1369708233.606
1369708233.711
1369708233.816
1369708233.920
1369708234.025
1369708234.129
1369708234.234
1369708234.338
1369708234.443
1369708234.547
1369708234.652
1369708234.756
1369708234.861
1369708234.965
1369708235.070
1369708235.174
1369708235.279
1369708235.384
1369708235.488
1369708235.593
1369708235.698
1369708235.802
1369708235.907
1369708236.012
1369708236.117
1369708236.221
1369708236.326
1369708236.431
1369708236.536
1369708236.641
1369708236.745
1369708236.850
1369708236.955
1369708237.059
1369708237.164
1369708237.269
1369708237.373
1369708237.478
1369708237.582
1369708237.687
1369708237.792
1369708237.896
1369708238.001
1369708238.105
1369708238.209
1369708238.314
1369708238.418
1369708238.523
1369708238.627
1369708238.732
1369708238.836
1369708238.941
1369708239.045
1369708239.149
1369708239.254
1369708239.358
1369708239.463
1369708239.567
1369708239.672
1369708239.776
1369708239.880
1369708239.985
1369708240.089
1369708240.194
1369708240.299
1369708240.403
1369708240.508
1369708240.612
1369708240.717
1369708240.821
1369708240.926
1369708241.031
1369708241.135
1369708241.240
1369708241.344
1369708241.449
1369708241.554
1369708241.658
1369708241.763
1369708241.867
1369708241.972
1369708242.077
1369708242.181
1369708242.286
1369708242.390
1369708242.495
1369708242.599
1369708242.704
1369708242.809
1369708242.913
1369708243.018
1369708243.122
1369708243.227
1369708243.331
1369708243.436
1369708243.540
1369708243.645
1369708243.749
1369708243.854
1369708243.959
1369708244.063
1369708244.168
1369708244.272
1369708244.377
1369708244.482
1369708244.586
1369708244.691
1369708244.796
1369708244.900
1369708245.005
1369708245.109
1369708245.214
1369708245.319
1369708245.423
1369708245.528
1369708245.632
1369708245.737
1369708245.842
1369708245.946
1369708246.051
1369708246.156
1369708246.260
1369708246.365
1369708246.469
1369708246.574
1369708246.679
1369708246.783
1369708246.888
1369708246.992
1369708247.097
1369708247.202
1369708247.306
1369708247.411
1369708247.515
1369708247.620
1369708247.725
1369708247.829
1369708247.934
1369708248.038
1369708248.143
1369708248.248
1369708248.352
1369708248.457
1369708248.562
1369708248.666
1369708248.771
1369708248.875
1369708248.980
1369708249.085
1369708249.189
1369708249.294
1369708249.398
1369708249.503
1369708249.608
1369708249.712
1369708249.817
1369708249.921
1369708250.026
1369708250.130
1369708250.235
1369708250.339
1369708250.444
1369708250.548
1369708250.653
1369708250.757
1369708250.862
1369708250.967
1369708251.071
1369708251.176
1369708251.280
1369708251.385
1369708251.489
1369708251.594
1369708251.699
1369708251.803
1369708251.908
1369708252.013
1369708252.118
1369708252.222
1369708252.327
1369708252.432
1369708252.536
1369708252.641
1369708252.746
1369708252.851
1369708252.955
1369708253.060
1369708253.165
1369708253.270
1369708253.375
1369708253.479
1369708253.584
1369708253.689
1369708253.793
1369708253.898
1369708254.003
1369708254.212
1369708257.243
1369708257.661
1369708261.427
1369708261.741
1369708262.055
1369708262.264
1369708262.474
1369708262.578
1369708262.683
1369708262.788
1369708262.893
1369708262.997
1369708263.102
1369708263.207
1369708263.311
1369708263.416
1369708263.521
1369708263.625
1369708263.730
1369708263.835
1369708263.939
1369708264.044
1369708264.148
1369708264.253
1369708264.357
1369708264.461
1369708264.566
1369708264.670
1369708264.775
1369708264.879
1369708264.984
1369708265.088
1369708265.193
1369708265.297
1369708265.401
1369708265.506
1369708265.610
1369708265.715
1369708265.819
1369708265.924
1369708266.028
1369708266.133
1369708266.237
1369708266.342
1369708266.447
1369708266.551
1369708266.656
1369708266.760
1369708266.865
1369708266.969
1369708267.074
1369708267.178
1369708267.283
1369708267.388
1369708267.492
1369708267.597
1369708267.701
1369708267.806
1369708267.910
1369708268.014
1369708268.119
1369708268.224
1369708268.328
1369708268.433
1369708268.537
1369708268.642
1369708268.746
1369708268.851
1369708268.955
1369708269.060
1369708269.164
1369708269.269
1369708269.373
1369708269.478
1369708269.582
1369708269.687
1369708269.791
1369708269.896
1369708270.000
1369708270.105
1369708270.209
1369708270.314
1369708270.418
1369708270.523
1369708270.627
1369708270.732
1369708270.837
1369708270.941
1369708271.046
1369708271.150
1369708271.255
1369708271.360
1369708271.464
1369708271.569
1369708271.673
1369708271.778
1369708271.883
1369708271.987
1369708272.092
1369708272.196
1369708272.301
1369708272.405
1369708272.510
1369708272.615
1369708272.719
1369708272.824
1369708272.928
1369708273.033
1369708273.138
1369708273.242
1369708273.347
1369708273.451
1369708273.556
1369708273.661
1369708273.765
1369708273.870
1369708273.974
1369708274.079
1369708274.183
1369708274.288
1369708274.392
1369708274.497
1369708274.602
1369708274.706
1369708274.811
1369708274.915
1369708275.020
1369708275.124
1369708275.229
1369708275.333
1369708275.438
1369708275.542
1369708275.647
1369708275.752
1369708275.856
1369708275.961
1369708276.065
1369708276.170
1369708276.274
1369708276.379
1369708276.483
1369708276.588
1369708276.693
1369708276.797
1369708276.902
1369708277.006
1369708277.111
1369708277.215
1369708277.320
1369708277.424
1369708277.529
1369708277.633
1369708277.738
1369708277.842
1369708277.947
1369708278.051
1369708278.156
1369708278.261
1369708278.365
1369708278.470
1369708278.574
1369708278.679
1369708278.783
1369708278.888
1369708278.992
1369708279.097
1369708279.201
1369708279.306
1369708279.411
1369708279.515
1369708279.620
1369708279.724
1369708279.829
1369708279.933
1369708280.038
1369708280.142
1369708280.247
1369708280.352
1369708280.456
1369708280.561
1369708280.665
1369708280.770
1369708280.874
1369708280.979
1369708281.083
1369708281.188
1369708281.293
1369708281.397
1369708281.502
1369708281.606
1369708281.711
1369708281.815
1369708281.920
1369708282.024
1369708282.129
1369708282.234
1369708282.338
1369708282.443
1369708282.547
1369708282.652
1369708282.756
1369708282.861
1369708282.965
1369708283.070
1369708283.174
1369708283.279
1369708283.383
1369708283.488
1369708283.593
1369708283.697
1369708283.802
1369708283.906
1369708284.011
1369708284.115
1369708284.220
1369708284.324
1369708284.429
1369708284.533
1369708284.638
1369708284.743
1369708284.847
1369708284.952
1369708285.056
1369708285.161
1369708285.265
1369708285.370
1369708285.474
1369708285.579
1369708285.683
1369708285.788
1369708285.892
1369708285.997
1369708286.101
1369708286.206
1369708286.310
1369708286.415
1369708286.519
1369708286.624
1369708286.728
1369708286.833
1369708286.938
1369708287.042
1369708287.147
1369708287.252
1369708287.356
1369708287.461
1369708287.565
1369708287.670
1369708287.775
1369708287.879
1369708287.984
1369708288.088
1369708288.193
1369708288.298
1369708288.402
1369708288.507
1369708288.612
1369708288.716
1369708288.821
1369708288.926
1369708289.030
1369708289.135
1369708289.240
1369708289.344
1369708289.449
1369708289.554
1369708289.658
1369708289.763
1369708289.868
1369708289.972
1369708290.181
1369708290.391
1369708290.600
1369708290.809
1369708291.018
1369708291.227
1369708291.436
1369708291.645
1369708291.854
1369708292.063
1369708292.272
1369708292.481
1369708292.690
1369708292.899
1369708293.108
1369708293.317
1369708293.526
1369708293.735
1369708293.944
1369708294.049
1369708294.153
1369708294.258
1369708294.362
1369708294.467
1369708294.571
1369708294.676
1369708294.781
1369708294.885
1369708294.990
1369708295.094
1369708295.199
1369708295.303
1369708295.408
1369708295.512
1369708295.617
1369708295.721
1369708295.826
1369708295.931
1369708296.035
1369708296.140
1369708296.244
1369708296.349
1369708296.453
1369708296.558
1369708296.662
1369708296.767
1369708296.872
1369708296.976
1369708297.081
1369708297.185
1369708297.290
1369708297.394
1369708297.499
1369708297.604
1369708297.708
1369708297.813
1369708297.917
1369708298.022
1369708298.127
1369708298.231
1369708298.336
1369708298.440
1369708298.545
1369708298.649
1369708298.754
1369708298.859
1369708298.963
1369708299.068
1369708299.172
1369708299.277
1369708299.381
1369708299.486
1369708299.590
1369708299.695
1369708299.800
1369708299.904
1369708300.009
1369708300.113
1369708300.218
1369708300.323
1369708300.427
1369708300.532
1369708300.636
1369708300.741
1369708300.845
1369708300.950
1369708301.054
1369708301.159
1369708301.264
1369708301.368
1369708301.473
1369708301.577
1369708301.682
1369708301.786
1369708301.891
1369708301.995
1369708302.100
1369708302.205
1369708302.309
1369708302.414
1369708302.518
1369708302.623
1369708302.727
1369708302.832
1369708302.936
1369708303.041
1369708303.145
1369708303.250
1369708303.355
1369708303.459
1369708303.564
1369708303.668
1369708303.773
1369708303.877
1369708303.982
1369708304.086
1369708304.191
1369708304.296
1369708304.400
1369708304.505
1369708304.609
1369708304.714
1369708304.818
1369708304.923
1369708305.028
1369708305.132
1369708305.237
1369708305.341
1369708305.446
1369708305.550
1369708305.655
1369708305.759
1369708305.864
1369708305.969
1369708306.073
1369708306.178
1369708306.282
1369708306.387
1369708306.491
1369708306.596
1369708306.700
1369708306.805
1369708306.909
1369708307.014
1369708307.119
1369708307.223
1369708307.328
1369708307.432
1369708307.537
1369708307.642
1369708307.746
1369708307.851
1369708307.956
1369708308.061
1369708308.165
1369708308.270
1369708308.375
1369708308.479
1369708308.584
1369708308.689
1369708308.793
1369708308.898
1369708309.002
1369708309.107
1369708309.211
1369708309.316
1369708309.420
1369708309.525
1369708309.629
1369708309.734
1369708309.839
1369708309.943
1369708310.048
1369708310.152
1369708310.257
1369708310.361
1369708310.466
1369708310.570
1369708310.675
1369708310.779
1369708310.884
1369708310.988
1369708311.093
1369708311.197
1369708311.302
1369708311.406
1369708311.511
1369708311.616
1369708311.720
1369708311.825
1369708311.929
1369708312.034
1369708312.138
1369708312.243
1369708312.348
1369708312.452
1369708312.557
1369708312.661
1369708312.766
1369708312.870
1369708312.975
1369708313.079
1369708313.184
1369708313.288
1369708313.393
1369708313.497
1369708313.602
1369708313.706
1369708313.811
1369708313.915
1369708314.020
1369708314.124
1369708314.229
1369708314.334
1369708314.438
1369708314.543
1369708314.647
1369708314.752
1369708314.856
1369708314.961
1369708315.065
1369708315.170
1369708315.274
1369708315.378
1369708315.483
1369708315.587
1369708315.692
1369708315.796
1369708315.901
1369708316.005
1369708316.110
1369708316.214
1369708316.319
1369708316.423
1369708316.528
1369708316.632
1369708316.737
1369708316.841
1369708316.946
1369708317.050
1369708317.155
1369708317.259
1369708317.364
1369708317.468
1369708317.573
1369708317.677
1369708317.782
1369708317.886
1369708317.991
1369708318.096
1369708318.200
1369708318.305
1369708318.409
1369708318.514
1369708318.618
1369708318.723
1369708318.828
1369708318.932
1369708319.037
1369708319.141
1369708319.246
1369708319.351
1369708319.455
1369708319.560
1369708319.664
1369708319.769
1369708319.874
1369708319.978
1369708320.083
1369708320.188
1369708320.292
1369708320.397
1369708320.502
1369708320.606
1369708320.711
1369708320.816
1369708320.920
1369708321.025
1369708321.129
1369708321.234
1369708321.339
1369708321.443
1369708321.548
1369708321.652
1369708321.757
1369708321.861
1369708321.966
1369708322.070
1369708322.175
1369708322.280
1369708322.384
1369708322.489
1369708322.593
1369708322.698
1369708322.802
1369708322.907
1369708323.012
1369708323.116
1369708323.221
1369708323.325
1369708323.430
1369708323.535
1369708323.640
1369708323.744
1369708323.849
1369708323.953
1369708324.058
1369708324.163
1369708324.267
1369708324.372
1369708324.476
1369708324.581
1369708324.686
1369708324.790
1369708324.895
1369708324.999
1369708325.104
1369708325.208
1369708325.313
1369708325.417
1369708325.522
1369708325.626
1369708325.731
1369708325.836
1369708325.940
1369708326.045
1369708326.149
1369708326.254
1369708326.358
1369708326.463
1369708326.567
1369708326.672
1369708326.777
1369708326.881
1369708326.986
1369708327.090
1369708327.195
1369708327.300
1369708327.404
1369708327.509
1369708327.614
1369708327.718
1369708327.823
1369708327.928
1369708328.033
1369708328.137
1369708328.242
1369708328.347
1369708328.452
1369708328.557
1369708328.661
1369708328.766
1369708328.871
1369708328.976
1369708329.081
1369708329.185
1369708329.290
1369708329.395
1369708329.500
1369708329.604
1369708329.709
1369708329.813
1369708329.918
1369708330.022
1369708330.127
1369708330.231
1369708330.335
1369708330.439
1369708330.544
1369708330.648
1369708330.752
1369708330.856
1369708330.960
1369708331.064
1369708331.168
1369708331.272
1369708331.376
1369708331.480
1369708331.584
1369708331.688
1369708331.792
1369708331.896
1369708332.000
1369708332.105
1369708332.209
1369708332.313
1369708332.418
1369708332.522
1369708332.627
1369708332.731
1369708332.836
1369708332.940
1369708333.045
1369708333.150
1369708333.254
1369708333.359
1369708333.464
1369708333.569
1369708333.674
1369708333.779
1369708333.884
1369708333.989
1369708334.094
1369708334.199
1369708334.304
1369708334.409
1369708334.513
1369708334.618
1369708334.723
1369708334.828
1369708334.933
1369708335.038
1369708335.143
1369708335.247
1369708335.352
1369708335.457
1369708335.562
1369708335.666
1369708335.771
1369708335.875
1369708335.980
1369708336.085
1369708336.189
1369708336.294
1369708336.398
1369708336.503
1369708336.607
1369708336.712
1369708336.816
1369708336.920
1369708337.025
1369708337.129
1369708337.234
1369708337.338
1369708337.442
1369708337.547
1369708337.651
1369708337.756
1369708337.860
1369708337.965
1369708338.069
1369708338.174
1369708338.278
1369708338.383
1369708338.487
1369708338.592
1369708338.696
1369708338.801
1369708338.905
1369708339.010
1369708339.114
1369708339.219
1369708339.323
1369708339.428
1369708339.532
1369708339.637
1369708339.742
1369708339.846
1369708339.951
1369708340.055
1369708340.160
1369708340.264
1369708340.369
1369708340.474
1369708340.578
1369708340.683
1369708340.787
1369708340.892
1369708340.996
1369708341.101
1369708341.205
1369708341.310
1369708341.415
1369708341.519
1369708341.624
1369708341.728
1369708341.833
1369708341.937
1369708342.042
1369708342.146
1369708342.251
1369708342.355
1369708342.460
1369708342.565
1369708342.669
1369708342.774
1369708342.878
1369708342.983
1369708343.087
1369708343.192
1369708343.296
1369708343.401
1369708343.506
1369708343.610
1369708343.715
1369708343.819
1369708343.924
1369708344.028
1369708344.133
1369708344.237
1369708344.342
1369708344.447
1369708344.551
1369708344.656
1369708344.760
1369708344.865
1369708344.970
1369708345.074
1369708345.179
1369708345.283
1369708345.388
1369708345.492
1369708345.597
1369708345.701
1369708345.806
1369708345.910
1369708346.015
1369708346.119
1369708346.224
1369708346.329
1369708346.433
1369708346.538
1369708346.642
1369708346.747
1369708346.851
1369708346.956
1369708347.060
1369708347.165
1369708347.269
1369708347.374
1369708347.479
1369708347.583
1369708347.688
1369708347.792
1369708347.897
1369708348.001
1369708348.106
1369708348.210
1369708348.315
1369708348.419
1369708348.524
1369708348.628
1369708348.733
1369708348.837
1369708348.942
1369708349.046
1369708349.151
1369708349.255
1369708349.360
1369708349.464
1369708349.569
1369708349.673
1369708349.778
1369708349.882
1369708349.987
1369708350.091
1369708350.196
1369708350.300
1369708350.405
1369708350.509
1369708350.614
1369708350.718
1369708350.823
1369708350.928
1369708351.032
1369708351.137
1369708351.241
1369708351.346
1369708351.450
1369708351.555
1369708351.659
1369708351.764
1369708351.869
1369708351.973
1369708352.078
1369708352.182
1369708352.287
1369708352.391
1369708352.496
1369708352.600
1369708352.705
1369708352.809
1369708352.914
1369708353.018
1369708353.123
1369708353.227
1369708353.332
1369708353.436
1369708353.541
1369708353.645
1369708353.749
1369708353.854
1369708353.958
1369708354.063
1369708354.167
1369708354.272
1369708354.376
1369708354.481
1369708354.585
1369708354.690
1369708354.794
1369708354.899
1369708355.003
1369708355.108
1369708355.213
1369708355.317
1369708355.422
1369708355.526
1369708355.631
1369708355.735
1369708355.840
1369708355.945
1369708356.049
1369708356.154
1369708356.259
1369708356.364
1369708356.469
1369708356.573
1369708356.678
1369708356.783
1369708356.888
1369708356.992
1369708357.097
1369708357.202
1369708357.306
1369708357.411
1369708357.516
1369708357.620
1369708357.725
1369708357.829
1369708357.934
1369708358.038
1369708358.143
1369708358.247
1369708358.352
1369708358.456
1369708358.561
1369708358.665
1369708358.770
1369708358.874
1369708358.979
1369708359.083
1369708359.187
1369708359.292
1369708359.396
1369708359.501
1369708359.605
1369708359.710
1369708359.814
1369708359.919
1369708360.024
1369708360.128
1369708360.233
1369708360.337
1369708360.442
1369708360.546
1369708360.651
1369708360.755
1369708360.860
1369708360.964
1369708361.069
1369708361.174
1369708361.278
1369708361.383
1369708361.487
1369708361.592
1369708361.696
1369708361.801
1369708361.905
1369708362.010
1369708362.114
1369708362.219
1369708362.323
1369708362.428
1369708362.532
1369708362.637
1369708362.742
1369708362.846
1369708362.951
1369708363.055
1369708363.160
1369708363.264
1369708363.369
1369708363.474
1369708363.578
1369708363.683
1369708363.788
1369708363.892
1369708363.997
1369708364.101
1369708364.206
1369708364.310
1369708364.415
1369708364.520
1369708364.624
1369708364.729
1369708364.833
1369708364.938
1369708365.042
1369708365.147
1369708365.251
1369708365.356
1369708365.460
1369708365.565
1369708365.669
1369708365.774
1369708365.878
1369708365.983
1369708366.087
1369708366.191
1369708366.296
1369708366.400
1369708366.505
1369708366.609
1369708366.714
1369708366.818
1369708366.923
1369708367.027
1369708367.132
1369708367.236
1369708367.341
1369708367.445
1369708367.550
1369708367.654
1369708367.759
1369708367.863
1369708367.968
1369708368.073
1369708368.177
1369708368.282
1369708368.386
1369708368.491
1369708368.595
1369708368.700
1369708368.805
1369708368.909
1369708369.014
1369708369.118
1369708369.223
1369708369.327
1369708369.432
1369708369.536
1369708369.641
1369708369.745
1369708369.850
1369708369.955
1369708370.059
1369708370.164
1369708370.268
1369708370.373
1369708370.477
1369708370.582
1369708370.686
1369708370.791
1369708370.895
1369708371.000
1369708371.105
1369708371.209
1369708371.314
1369708371.418
1369708371.523
1369708371.627
1369708371.732
1369708371.836
1369708371.941
1369708372.045
1369708372.150
1369708372.254
1369708372.359
1369708372.464
1369708372.568
1369708372.673
1369708372.777
1369708372.882
1369708372.986
1369708373.091
1369708373.195
1369708373.300
1369708373.405
1369708373.509
1369708373.614
1369708373.719
1369708373.823
1369708373.928
1369708374.033
1369708374.137
1369708374.242
1369708374.346
1369708374.451
1369708374.555
1369708374.660
1369708374.765
1369708374.869
1369708374.974
1369708375.078
1369708375.183
1369708375.287
1369708375.392
1369708375.497
1369708375.601
1369708375.706
1369708375.810
1369708375.915
1369708376.019
1369708376.124
1369708376.228
1369708376.333
1369708376.438
1369708376.542
1369708376.647
1369708376.751
1369708376.856
1369708376.960
1369708377.065
1369708377.170
1369708377.274
1369708377.379
1369708377.483
1369708377.588
1369708377.692
1369708377.797
1369708377.902
1369708378.006
1369708378.111
1369708378.215
1369708378.320
1369708378.424
1369708378.529
1369708378.634
1369708378.738
1369708378.843
1369708378.947
1369708379.052
1369708379.156
1369708379.261
1369708379.366
1369708379.470
1369708379.575
1369708379.679
1369708379.784
1369708379.889
1369708379.993
1369708380.098
1369708380.202
1369708380.307
1369708380.412
1369708380.516
1369708380.621
1369708380.725
1369708380.830
1369708380.934
1369708381.039
1369708381.143
1369708381.248
1369708381.353
1369708381.457
1369708381.562
1369708381.666
1369708381.771
1369708381.875
1369708381.980
1369708382.084
1369708382.189
1369708382.293
1369708382.398
1369708382.502
1369708382.607
1369708382.712
1369708382.816
1369708382.921
1369708383.025
1369708383.130
1369708383.234
1369708383.339
1369708383.443
1369708383.548
1369708383.652
1369708383.757
1369708383.862
1369708383.966
1369708384.071
1369708384.175
1369708384.280
1369708384.384
1369708384.489
1369708384.593
1369708384.698
1369708384.802
1369708384.907
1369708385.012
1369708385.116
1369708385.221
1369708385.325
1369708385.430
1369708385.535
1369708385.639
1369708385.744
1369708385.848
1369708385.953
1369708386.057
1369708386.162
1369708386.266
1369708386.371
1369708386.475
1369708386.580
1369708386.684
1369708386.789
1369708386.893
1369708386.998
1369708387.102
1369708387.206
1369708387.311
1369708387.415
1369708387.519
1369708387.623
1369708387.728
1369708387.832
1369708387.936
1369708388.040
1369708388.144
1369708388.248
1369708388.352
1369708388.457
1369708388.561
1369708388.665
1369708388.770
1369708388.874
1369708388.978
1369708389.083
1369708389.187
1369708389.292
1369708389.396
1369708389.501
1369708389.606
1369708389.710
1369708389.815
1369708389.919
1369708390.024
1369708390.128
1369708390.233
1369708390.337
1369708390.442
1369708390.546
1369708390.651
1369708390.755
1369708390.860
1369708391.069
1369708391.279
1369708391.488
1369708391.698
1369708391.907
1369708392.116
1369708392.325
1369708392.534
1369708392.743
1369708392.952
1369708393.161
1369708393.370
1369708393.580
1369708393.789
1369708393.997
1369708394.207
1369708394.417
1369708394.626
1369708394.835
1369708395.044
1369708395.254
1369708395.463
1369708395.672
1369708395.881
1369708395.986
1369708396.091
1369708396.195
1369708396.300
1369708396.405
1369708396.509
1369708396.614
1369708396.719
1369708396.823
1369708396.928
1369708397.033
1369708397.137
1369708397.242
1369708397.347
1369708397.451
1369708397.556
1369708397.661
1369708397.766
1369708397.870
1369708397.975
1369708398.080
1369708398.185
1369708398.290
1369708398.394
1369708398.499
1369708398.604
1369708398.708
1369708398.813
1369708398.918
1369708399.022
1369708399.127
1369708399.232
1369708399.336
1369708399.441
1369708399.545
1369708399.650
1369708399.754
1369708399.858
1369708399.963
1369708400.067
1369708400.171
1369708400.276
1369708400.380
1369708400.484
1369708400.589
1369708400.693
1369708400.797
1369708400.902
1369708401.006
1369708401.110
1369708401.215
1369708401.319
1369708401.423
1369708401.528
1369708401.632
1369708401.737
1369708401.841
1369708401.946
1369708402.050
1369708402.155
1369708402.259
1369708402.364
1369708402.468
1369708402.573
1369708402.677
1369708402.782
1369708402.886
1369708402.991
1369708403.095
1369708403.200
1369708403.304
1369708403.409
1369708403.513
1369708403.618
1369708403.722
1369708403.827
1369708403.931
1369708404.036
1369708404.140
1369708404.245
1369708404.349
1369708404.454
1369708404.558
1369708404.663
1369708404.767
1369708404.872
1369708404.976
1369708405.081
1369708405.185
1369708405.290
1369708405.394
1369708405.499
1369708405.603
1369708405.708
1369708405.812
1369708405.917
1369708406.021
1369708406.126
1369708406.230
1369708406.334
1369708406.439
1369708406.543
1369708406.648
1369708406.753
1369708406.857
1369708406.962
1369708407.066
1369708407.171
1369708407.275
1369708407.380
1369708407.484
1369708407.589
1369708407.693
1369708407.798
1369708407.902
1369708408.007
1369708408.111
1369708408.216
1369708408.321
1369708408.425
1369708408.530
1369708408.634
1369708408.739
1369708408.843
1369708408.948
1369708409.052
1369708409.157
1369708409.261
1369708409.366
1369708409.470
1369708409.575
1369708409.679
1369708409.784
1369708409.888
1369708409.993
1369708410.097
1369708410.202
1369708410.307
1369708410.411
1369708410.516
1369708410.620
1369708410.725
1369708410.829
1369708410.934
1369708411.038
1369708411.143
1369708411.247
1369708411.352
1369708411.456
1369708411.561
1369708411.666
1369708411.770
1369708411.875
1369708411.979
1369708412.084
1369708412.189
1369708412.293
1369708412.398
1369708412.502
1369708412.607
1369708412.712
1369708412.816
1369708412.921
1369708413.025
1369708413.130
1369708413.234
1369708413.339
1369708413.443
1369708413.547
1369708413.652
1369708413.756
1369708413.861
1369708413.965
1369708414.070
1369708414.174
1369708414.278
1369708414.383
1369708414.487
1369708414.592
1369708414.697
1369708414.801
1369708414.906
1369708415.010
1369708415.115
1369708415.219
1369708415.324
1369708415.428
1369708415.533
1369708415.637
1369708415.742
1369708415.846
1369708415.951
1369708416.055
1369708416.160
1369708416.264
1369708416.369
1369708416.473
1369708416.578
1369708416.682
1369708416.787
1369708416.892
1369708416.996
1369708417.101
1369708417.205
1369708417.310
1369708417.414
1369708417.519
1369708417.623
1369708417.728
1369708417.832
1369708417.937
1369708418.041
1369708418.146
1369708418.250
1369708418.355
1369708418.459
1369708418.564
1369708418.668
1369708418.772
1369708418.877
1369708418.981
1369708419.086
1369708419.190
1369708419.295
1369708419.399
1369708419.504
1369708419.608
1369708419.712
1369708419.817
1369708419.921
1369708420.026
1369708420.130
1369708420.235
1369708420.339
1369708420.444
1369708420.548
1369708420.653
1369708420.757
1369708420.862
1369708420.966
1369708421.071
1369708421.175
1369708421.280
1369708421.385
1369708421.489
1369708421.594
1369708421.698
1369708421.803
1369708421.907
1369708422.012
1369708422.116
1369708422.221
1369708422.325
1369708422.430
1369708422.534
1369708422.639
1369708422.743
1369708422.848
1369708422.952
1369708423.057
1369708423.161
1369708423.266
1369708423.370
1369708423.475
1369708423.579
1369708423.684
1369708423.788
1369708423.893
1369708423.997
1369708424.102
1369708424.206
1369708424.311
1369708424.415
1369708424.520
1369708424.624
1369708424.729
1369708424.833
1369708424.938
1369708425.042
1369708425.147
1369708425.251
1369708425.356
1369708425.460
1369708425.565
1369708425.669
1369708425.774
1369708425.878
1369708425.983
1369708426.087
1369708426.192
1369708426.296
1369708426.401
1369708426.505
1369708426.609
1369708426.714
1369708426.818
1369708426.923
1369708427.027
1369708427.132
1369708427.236
1369708427.341
1369708427.445
1369708427.549
1369708427.654
1369708427.758
1369708427.862
1369708427.967
1369708428.071
1369708428.176
1369708428.280
1369708428.385
1369708428.594
1369708428.803
1369708429.012
1369708429.326
1369708429.640
1369708429.953
1369708430.267
1369708430.580
1369708430.789
1369708430.998
1369708431.206
1369708431.415
1369708431.624
1369708431.833
1369708431.937
1369708432.041
1369708432.146
1369708432.250
1369708432.354
1369708432.459
1369708432.563
1369708432.668
1369708432.772
1369708432.877
1369708432.981
1369708433.086
1369708433.191
1369708433.296
1369708433.400
1369708433.505
1369708433.610
1369708433.715
1369708433.820
1369708433.925
1369708434.029
1369708434.134
1369708434.239
1369708434.344
1369708434.448
1369708434.553
1369708434.657
1369708434.762
1369708434.867
1369708434.971
1369708435.076
1369708435.180
1369708435.285
1369708435.389
1369708435.494
1369708435.598
1369708435.703
1369708435.807
1369708435.912
1369708436.016
1369708436.121
1369708436.225
1369708436.330
1369708436.434
1369708436.539
1369708436.643
1369708436.748
1369708436.852
1369708436.957
1369708437.061
1369708437.166
1369708437.270
1369708437.375
1369708437.479
1369708437.584
1369708437.688
1369708437.793
1369708437.897
1369708438.002
1369708438.106
1369708438.211
1369708438.315
1369708438.420
1369708438.524
1369708438.629
1369708438.733
1369708438.838
1369708438.942
1369708439.047
1369708439.151
1369708439.256
1369708439.360
1369708439.465
1369708439.569
1369708439.674
1369708439.778
1369708439.883
1369708439.987
1369708440.092
1369708440.196
1369708440.301
1369708440.405
1369708440.510
1369708440.615
1369708440.719
1369708440.824
1369708440.928
1369708441.033
1369708441.137
1369708441.242
1369708441.346
1369708441.451
1369708441.555
1369708441.660
1369708441.764
1369708441.869
1369708441.973
1369708442.078
1369708442.182
1369708442.287
1369708442.391
1369708442.496
1369708442.600
1369708442.705
1369708442.809
1369708442.914
1369708443.019
1369708443.123
1369708443.228
1369708443.332
1369708443.437
1369708443.541
1369708443.646
1369708443.750
1369708443.855
1369708443.959
1369708444.064
1369708444.168
1369708444.273
1369708444.378
1369708444.482
1369708444.587
1369708444.691
1369708444.796
1369708444.900
1369708445.005
1369708445.109
1369708445.214
1369708445.318
1369708445.423
1369708445.527
1369708445.632
1369708445.736
1369708445.841
1369708445.946
1369708446.050
1369708446.155
1369708446.259
1369708446.364
1369708446.468
1369708446.573
1369708446.677
1369708446.782
1369708446.886
1369708446.991
1369708447.095
1369708447.200
1369708447.304
1369708447.409
1369708447.513
1369708447.617
1369708447.722
1369708447.826
1369708447.931
1369708448.035
1369708448.140
1369708448.244
1369708448.349
1369708448.454
1369708448.558
1369708448.663
1369708448.767
1369708448.872
1369708448.976
1369708449.081
1369708449.185
1369708449.290
1369708449.395
1369708449.499
1369708449.604
1369708449.708
1369708449.813
1369708449.917
1369708450.022
1369708450.126
1369708450.231
1369708450.335
1369708450.440
1369708450.544
1369708450.649
1369708450.753
1369708450.858
1369708450.962
1369708451.067
1369708451.171
1369708451.276
1369708451.380
1369708451.485
1369708451.589
1369708451.694
1369708451.798
1369708451.903
1369708452.007
1369708452.112
1369708452.216
1369708452.321
1369708452.425
1369708452.530
1369708452.634
1369708452.739
1369708452.843
1369708452.948
1369708453.052
1369708453.157
1369708453.261
1369708453.366
1369708453.470
1369708453.575
1369708453.679
1369708453.784
1369708453.888
1369708453.993
1369708454.097
1369708454.202
1369708454.306
1369708454.411
1369708454.515
1369708454.620
1369708454.724
1369708454.829
1369708454.933
1369708455.038
1369708455.143
1369708455.247
1369708455.352
1369708455.456
1369708455.561
1369708455.665
1369708455.770
1369708455.874
1369708455.979
1369708456.083
1369708456.188
1369708456.292
1369708456.397
1369708456.501
1369708456.606
1369708456.710
1369708456.815
1369708456.919
1369708457.024
1369708457.128
1369708457.233
1369708457.337
1369708457.442
1369708457.546
1369708457.651
1369708457.755
1369708457.860
1369708457.964
1369708458.069
1369708458.174
1369708458.278
1369708458.383
1369708458.487
1369708458.592
1369708458.696
1369708458.801
1369708458.905
1369708459.010
1369708459.114
1369708459.219
1369708459.323
1369708459.428
1369708459.532
1369708459.636
1369708459.741
1369708459.845
1369708459.950
1369708460.054
1369708460.159
1369708460.263
1369708460.368
1369708460.472
1369708460.577
1369708460.681
1369708460.786
1369708460.890
1369708460.995
1369708461.099
1369708461.204
1369708461.308
1369708461.413
1369708461.517
1369708461.622
1369708461.726
1369708461.831
1369708461.935
1369708462.040
1369708462.144
1369708462.249
1369708462.353
1369708462.458
1369708462.563
1369708462.667
1369708462.771
1369708462.876
1369708462.980
1369708463.084
1369708463.189
1369708463.293
1369708463.397
1369708463.502
1369708463.606
1369708463.710
1369708463.919
1369708464.128
1369708464.337
1369708464.546
1369708464.755
1369708464.964
1369708465.173
1369708465.382
1369708465.591
1369708465.800
1369708466.010
1369708466.219
1369708466.428
1369708466.637
1369708466.846
1369708467.160
1369708469.045
1369708469.358
1369708469.566
1369708469.775
1369708469.983
1369708470.192
1369708470.401
1369708470.610
1369708470.819
1369708471.029
1369708471.238
1369708471.447
1369708471.761
1369708472.075
1369708473.016
1369708473.225
1369708473.434
1369708473.642
1369708473.851
1369708473.955
1369708474.060
1369708474.164
1369708474.268
1369708474.373
1369708474.477
1369708474.581
1369708474.686
1369708474.790
1369708474.895
1369708475.000
1369708475.104
1369708475.209
1369708475.314
1369708475.419
1369708475.524
1369708475.628
1369708475.733
1369708475.838
1369708475.943
1369708476.047
1369708476.152
1369708476.257
1369708476.361
1369708476.466
1369708476.570
1369708476.675
1369708476.779
1369708476.884
1369708476.988
1369708477.093
1369708477.197
1369708477.302
1369708477.406
1369708477.511
1369708477.615
1369708477.720
1369708477.824
1369708477.929
1369708478.033
1369708478.138
1369708478.242
1369708478.347
1369708478.451
1369708478.556
1369708478.660
1369708478.765
1369708478.869
1369708478.974
1369708479.078
1369708479.183
1369708479.287
1369708479.392
1369708479.496
1369708479.601
1369708479.705
1369708479.810
1369708479.914
1369708480.019
1369708480.123
1369708480.228
1369708480.332
1369708480.437
1369708480.541
1369708480.646
1369708480.750
1369708480.855
1369708480.959
1369708481.064
1369708481.168
1369708481.273
1369708481.377
1369708481.482
1369708481.587
1369708481.691
1369708481.796
1369708481.900
1369708482.005
1369708482.109
1369708482.213
1369708482.318
1369708482.422
1369708482.527
1369708482.631
1369708482.736
1369708482.840
1369708482.945
1369708483.049
1369708483.154
1369708483.258
1369708483.363
1369708483.467
1369708483.572
1369708483.676
1369708483.781
1369708483.885
1369708483.990
1369708484.094
1369708484.199
1369708484.303
1369708484.408
1369708484.512
1369708484.617
1369708484.721
1369708484.826
1369708484.930
1369708485.035
1369708485.139
1369708485.244
1369708485.348
1369708485.453
1369708485.557
1369708485.662
1369708485.766
1369708485.871
1369708485.975
1369708486.080
1369708486.184
1369708486.289
1369708486.393
1369708486.498
1369708486.602
1369708486.707
1369708486.811
1369708486.916
1369708487.020
1369708487.125
1369708487.229
1369708487.334
1369708487.439
1369708487.543
1369708487.648
1369708487.752
1369708487.857
1369708487.961
1369708488.066
1369708488.170
1369708488.275
1369708488.379
1369708488.484
1369708488.588
1369708488.693
1369708488.797
1369708488.902
1369708489.006
1369708489.111
1369708489.215
1369708489.320
1369708489.424
1369708489.529
1369708489.633
1369708489.738
1369708489.843
1369708489.947
1369708490.052
1369708490.156
1369708490.261
1369708490.365
1369708490.470
1369708490.574
1369708490.679
1369708490.783
1369708490.888
1369708490.992
1369708491.097
1369708491.201
1369708491.306
1369708491.411
1369708491.515
1369708491.620
1369708491.724
1369708491.829
1369708491.933
1369708492.038
1369708492.142
1369708492.247
1369708492.351
1369708492.456
1369708492.560
1369708492.665
1369708492.770
1369708492.874
1369708492.979
1369708493.083
1369708493.188
1369708493.293
1369708493.397
1369708493.502
1369708493.606
1369708493.711
1369708493.816
1369708493.920
1369708494.025
1369708494.129
1369708494.234
1369708494.338
1369708494.443
1369708494.548
1369708494.652
1369708494.757
1369708494.861
1369708494.966
1369708495.071
1369708495.175
1369708495.280
1369708495.384
1369708495.489
1369708495.593
1369708495.698
1369708495.802
1369708495.907
1369708496.011
1369708496.116
1369708496.220
1369708496.325
1369708496.429
1369708496.534
1369708496.638
1369708496.743
1369708496.847
1369708496.952
1369708497.056
1369708497.161
1369708497.266
1369708497.370
1369708497.475
1369708497.579
1369708497.684
1369708497.789
1369708497.893
1369708497.998
1369708498.103
1369708498.207
1369708498.312
1369708498.416
1369708498.521
1369708498.626
1369708498.730
1369708498.835
1369708498.939
1369708499.044
1369708499.148
1369708499.253
1369708499.357
1369708499.462
1369708499.566
1369708499.671
1369708499.776
1369708499.880
1369708499.985
1369708500.089
1369708500.194
1369708500.298
1369708500.403
1369708500.507
1369708500.612
1369708500.716
1369708500.821
1369708500.925
1369708501.030
1369708501.135
1369708501.239
1369708501.344
1369708501.448
1369708501.553
1369708501.657
1369708501.762
1369708501.866
1369708501.971
1369708502.075
1369708502.180
1369708502.284
1369708502.389
1369708502.494
1369708502.598
1369708502.703
1369708502.807
1369708502.912
1369708503.016
1369708503.121
1369708503.225
1369708503.330
1369708503.434
1369708503.539
1369708503.643
1369708503.748
1369708503.852
1369708503.957
1369708504.061
1369708504.165
1369708504.270
1369708504.374
1369708504.479
1369708504.583
1369708504.688
1369708504.792
1369708504.897
1369708505.001
1369708505.106
1369708505.211
1369708505.315
1369708505.420
1369708505.524
1369708505.629
1369708505.733
1369708505.838
1369708505.942
1369708506.047
1369708506.151
1369708506.256
1369708506.361
1369708506.465
1369708506.570
1369708506.674
1369708506.779
1369708506.883
1369708506.988
1369708507.092
1369708507.197
1369708507.302
1369708507.406
1369708507.511
1369708507.615
1369708507.720
1369708507.824
1369708507.929
1369708508.033
1369708508.138
1369708508.243
1369708508.347
1369708508.452
1369708508.556
1369708508.661
1369708508.765
1369708508.870
1369708508.974
1369708509.079
1369708509.184
1369708509.288
1369708509.393
1369708509.497
1369708509.602
1369708509.707
1369708509.811
1369708509.916
1369708510.020
1369708510.125
1369708510.229
1369708510.334
1369708510.439
1369708510.543
1369708510.648
1369708510.752
1369708510.857
1369708510.961
1369708511.066
1369708511.170
1369708511.275
1369708511.379
1369708511.483
1369708511.588
1369708511.692
1369708511.797
1369708511.901
1369708512.006
1369708512.110
1369708512.215
1369708512.319
1369708512.424
1369708512.528
1369708512.633
1369708512.737
1369708512.842
1369708512.946
1369708513.051
1369708513.155
1369708513.260
1369708513.365
1369708513.469
1369708513.574
1369708513.678
1369708513.782
1369708513.887
1369708513.991
1369708514.096
1369708514.201
1369708514.305
1369708514.410
1369708514.514
1369708514.619
1369708514.723
1369708514.828
1369708514.932
1369708515.037
1369708515.142
1369708515.246
1369708515.351
1369708515.455
1369708515.560
1369708515.665
1369708515.769
1369708515.874
1369708515.978
1369708516.083
1369708516.187
1369708516.292
1369708516.397
1369708516.501
1369708516.606
1369708516.710
1369708516.815
1369708516.919
1369708517.024
1369708517.129
1369708517.233
1369708517.338
1369708517.442
1369708517.547
1369708517.652
1369708517.756
1369708517.861
1369708517.965
1369708518.070
1369708518.175
1369708518.279
1369708518.384
1369708518.489
1369708518.593
1369708518.698
1369708518.802
1369708518.907
1369708519.011
1369708519.116
1369708519.221
1369708519.325
1369708519.430
1369708519.534
1369708519.639
1369708519.743
1369708519.848
1369708519.952
1369708520.057
1369708520.161
1369708520.266
1369708520.370
1369708520.474
1369708520.579
1369708520.683
1369708520.787
1369708520.892
1369708520.996
1369708521.101
1369708521.205
1369708521.310
1369708521.414
1369708521.519
1369708521.623
1369708521.728
1369708521.832
1369708521.937
1369708522.042
1369708522.146
1369708522.251
1369708522.356
1369708522.460
1369708522.565
1369708522.670
1369708522.775
1369708522.880
1369708522.984
1369708523.089
1369708523.194
1369708523.299
1369708523.404
1369708523.509
1369708523.613
1369708523.718
1369708523.823
1369708523.928
1369708524.033
1369708524.138
1369708524.243
1369708524.348
1369708524.452
1369708524.557
1369708524.662
1369708524.767
1369708524.872
1369708524.976
1369708525.081
1369708525.186
1369708525.291
1369708525.395
1369708525.500
1369708525.605
1369708525.709
1369708525.814
1369708525.918
1369708526.023
1369708526.127
1369708526.232
1369708526.336
1369708526.441
1369708526.545
1369708526.650
1369708526.754
1369708526.859
1369708526.963
1369708527.067
1369708527.172
1369708527.276
1369708527.380
1369708527.485
1369708527.589
1369708527.693
1369708527.798
1369708528.006
1369708528.215
1369708529.470
1369708529.992
1369708530.201
1369708530.410
1369708530.514
1369708530.619
1369708530.723
1369708530.827
1369708530.931
1369708531.035
1369708531.140
1369708531.244
1369708531.348
1369708531.452
1369708531.556
1369708531.661
1369708531.765
1369708531.870
1369708531.974
1369708532.079
1369708532.183
1369708532.288
1369708532.393
1369708532.498
1369708532.603
1369708532.708
1369708532.812
1369708532.917
1369708533.022
1369708533.127
1369708533.232
1369708533.337
1369708533.442
1369708533.546
1369708533.651
1369708533.756
1369708533.861
1369708533.965
1369708534.070
1369708534.174
1369708534.279
1369708534.383
1369708534.488
1369708534.593
1369708534.697
1369708534.802
1369708534.906
1369708535.011
1369708535.115
1369708535.220
1369708535.324
1369708535.429
1369708535.533
1369708535.638
1369708535.742
1369708535.847
1369708535.951
1369708536.056
1369708536.160
1369708536.265
1369708536.370
1369708536.474
1369708536.579
1369708536.683
1369708536.788
1369708536.893
1369708536.997
1369708537.102
1369708537.206
1369708537.311
1369708537.415
1369708537.520
1369708537.624
1369708537.729
1369708537.833
1369708537.938
1369708538.043
1369708538.147
1369708538.252
1369708538.356
1369708538.461
1369708538.566
1369708538.670
1369708538.775
1369708538.879
1369708538.984
1369708539.088
1369708539.193
1369708539.298
1369708539.402
1369708539.507
1369708539.611
1369708539.716
1369708539.821
1369708539.925
1369708540.030
1369708540.134
1369708540.239
1369708540.344
1369708540.448
1369708540.553
1369708540.657
1369708540.762
1369708540.866
1369708540.971
1369708541.075
1369708541.180
1369708541.285
1369708541.389
1369708541.493
1369708541.598
1369708541.702
1369708541.806
1369708541.911
1369708542.015
1369708542.119
1369708542.224
1369708542.328
1369708542.432
1369708542.537
1369708542.641
1369708542.746
1369708542.850
1369708542.954
1369708543.059
1369708543.163
1369708543.268
1369708543.372
1369708543.477
1369708543.581
1369708543.686
1369708543.790
1369708543.895
1369708543.999
1369708544.104
1369708544.208
1369708544.313
1369708544.417
1369708544.522
1369708544.627
1369708544.731
1369708544.836
1369708544.941
1369708545.045
1369708545.150
1369708545.255
1369708545.359
1369708545.464
1369708545.569
1369708545.673
1369708545.778
1369708545.882
1369708545.987
1369708546.092
1369708546.196
1369708546.301
1369708546.406
1369708546.511
1369708546.616
1369708546.721
1369708546.826
1369708546.930
1369708547.035
1369708547.140
1369708547.245
1369708547.350
1369708547.455
1369708547.559
1369708547.664
1369708547.769
1369708547.873
1369708547.978
1369708548.083
1369708548.187
1369708548.292
1369708548.396
1369708548.501
1369708548.605
1369708548.710
1369708548.814
1369708548.919
1369708549.023
1369708549.128
1369708549.232
1369708549.336
1369708549.441
1369708549.545
1369708549.650
1369708549.754
1369708549.858
1369708549.963
1369708550.067
1369708550.171
1369708550.275
1369708550.380
1369708550.484
1369708550.589
1369708550.693
1369708550.797
1369708550.902
1369708551.006
1369708551.111
1369708551.215
1369708551.320
1369708551.424
1369708551.529
1369708551.634
1369708551.738
1369708551.843
1369708551.947
1369708552.052
1369708552.156
1369708552.261
1369708552.366
1369708552.470
1369708552.575
1369708552.680
1369708552.889
1369708553.098
1369708553.308
1369708553.517
1369708553.726
1369708553.935
1369708554.144
1369708554.354
1369708554.563
1369708554.772
1369708554.981
1369708555.190
1369708555.399
1369708555.712
1369708556.026
1369708556.339
1369708556.862
