1369706464.7900
1369706465.6270
1369706465.8360
1369706466.0450
1369706466.2550
1369706466.4640
1369706466.6730
1369706466.8820
1369706467.0920
1369706467.3010
1369706467.5100
1369706467.7190
1369706467.9280
1369706468.1370
1369706468.3460
1369706468.5540
1369706468.7630
1369706468.9720
1369706469.1800
1369706469.3890
1369706469.5980
1369706469.8060
1369706470.0150
1369706470.2250
1369706470.4340
1369706470.6430
1369706470.8520
1369706471.0610
1369706471.2700
1369706471.4790
1369706471.6890
1369706471.8980
1369706472.1070
1369706472.3160
1369706472.5250
1369706472.7340
1369706472.9430
1369706473.1520
1369706473.5690
1369706473.7780
1369706473.9870
1369706474.1960
1369706474.4050
1369706474.6140
1369706474.8230
1369706475.0320
1369706475.2410
1369706475.4500
1369706475.6590
1369706475.8680
1369706476.0770
1369706476.2860
1369706476.4950
1369706476.7040
1369706476.9130
1369706477.1220
1369706477.3310
1369706477.5400
1369706477.7500
1369706477.9590
1369706478.1680
1369706478.3760
1369706478.5850
1369706478.7940
1369706479.0030
1369706479.2120
1369706479.4210
1369706479.6300
1369706479.8390
1369706480.0480
1369706480.2570
1369706480.4670
1369706480.6760
1369706480.8850
1369706481.0940
1369706481.3030
1369706481.5120
1369706481.7210
1369706481.9300
1369706482.1390
1369706482.3480
1369706482.5570
1369706482.7660
1369706482.9760
1369706483.1850
1369706483.3940
1369706483.6030
1369706483.8120
1369706484.0210
1369706484.2300
1369706484.4390
1369706484.6480
1369706484.8570
1369706485.0660
1369706485.2750
1369706485.4840
1369706485.6930
1369706485.9020
1369706486.1110
1369706486.3200
1369706486.5290
1369706486.7380
1369706486.9470
1369706487.1560
1369706487.3650
1369706487.5740
1369706487.7830
1369706487.9920
1369706488.2010
1369706488.4100
1369706488.6190
1369706488.8280
1369706489.0370
1369706489.2460
1369706489.4550
1369706489.6650
1369706489.8730
1369706490.0830
1369706490.2920
1369706490.5010
1369706490.7100
1369706490.9190
1369706491.1290
1369706491.3380
1369706491.5470
1369706491.7560
1369706491.9660
1369706492.1750
1369706492.3840
1369706492.5930
1369706492.8020
1369706493.0110
1369706493.2200
1369706493.4290
1369706493.6370
1369706493.8470
1369706494.0560
1369706494.2650
1369706494.4740
1369706494.6830
1369706494.8920
1369706495.1010
1369706495.3100
1369706495.5190
1369706495.7280
1369706495.9370
1369706496.1460
1369706496.3550
1369706496.5640
1369706496.7730
1369706496.9820
1369706497.1910
1369706497.4000
1369706497.6090
1369706497.8180
1369706498.0270
1369706498.2360
1369706498.4450
1369706498.6540
1369706498.8630
1369706499.0720
1369706499.2810
1369706499.4900
1369706499.6990
1369706499.9080
1369706500.1170
1369706500.3260
1369706500.5350
1369706500.7440
1369706500.9530
1369706501.1620
1369706501.3710
1369706501.5800
1369706501.7890
1369706501.9980
1369706502.2070
1369706502.4160
1369706502.6250
1369706502.8340
1369706503.0430
1369706503.2520
1369706503.4610
1369706503.6700
1369706503.8790
1369706504.0880
1369706504.2970
1369706504.5060
1369706504.7150
1369706504.9240
1369706505.1330
1369706505.3420
1369706505.5510
1369706505.7600
1369706505.9690
1369706506.1780
1369706506.3870
1369706506.5960
1369706506.8050
1369706507.0140
1369706507.2230
1369706507.4320
1369706507.6410
1369706507.8500
1369706508.0590
1369706508.2680
1369706508.4770
1369706508.6860
1369706508.8950
1369706509.1040
1369706509.3130
1369706509.5220
1369706509.7310
1369706509.9400
1369706510.1490
1369706510.3580
1369706510.5670
1369706510.7760
1369706510.9850
1369706511.1940
1369706511.4030
1369706511.6120
1369706511.8210
1369706512.0300
1369706512.2390
1369706512.4480
1369706512.6570
1369706512.8660
1369706513.0750
1369706513.2840
1369706513.4930
1369706513.7020
1369706513.9110
1369706514.1200
1369706514.3290
1369706514.5380
1369706514.7470
1369706514.9560
1369706515.1650
1369706515.3740
1369706515.5830
1369706515.7920
1369706516.0010
1369706516.2100
1369706516.4190
1369706516.6280
1369706516.8380
1369706517.0470
1369706517.2560
1369706517.4650
1369706517.6740
1369706517.8830
1369706518.0920
1369706518.3010
1369706518.5110
1369706518.7200
1369706518.9290
1369706519.1380
1369706519.3470
1369706519.5560
1369706519.7650
1369706519.9740
1369706520.1830
1369706520.3930
1369706520.6020
1369706520.8110
1369706521.0200
1369706521.2290
1369706521.4380
1369706521.6470
1369706521.8570
1369706522.0660
1369706522.2750
1369706522.4840
1369706522.6930
1369706522.9020
1369706523.1110
1369706523.3200
1369706523.5290
1369706523.7380
1369706523.9480
1369706524.1570
1369706524.3660
1369706524.5750
1369706524.7840
1369706524.9930
1369706525.2030
1369706525.4120
1369706525.6210
1369706525.8300
1369706526.0390
1369706526.2490
1369706526.4580
1369706526.6680
1369706526.8780
1369706527.0880
1369706527.2970
1369706527.5070
1369706527.7170
1369706527.9260
1369706528.1350
1369706528.3450
1369706528.5540
1369706528.7630
1369706528.9720
1369706529.1810
1369706529.3910
1369706529.6000
1369706529.8090
1369706530.0180
1369706530.2260
1369706530.4350
1369706530.6430
1369706530.8510
1369706531.0600
1369706531.2690
1369706531.4780
1369706531.6870
1369706531.8960
1369706532.1050
1369706532.3140
1369706532.5230
1369706532.7320
1369706532.9420
1369706533.1510
1369706533.3600
1369706533.5690
1369706533.7780
1369706533.9870
1369706534.1970
1369706534.4060
1369706534.6150
1369706534.8240
1369706535.0330
1369706535.2420
1369706535.4510
1369706535.6600
1369706535.8690
1369706536.0780
1369706536.2870
1369706536.4970
1369706536.7060
1369706536.9150
1369706537.1240
1369706537.3330
1369706537.5420
1369706537.7510
1369706537.9610
1369706538.1700
1369706538.3790
1369706538.5880
1369706538.7970
1369706539.0060
1369706539.2150
1369706539.4240
1369706539.6330
1369706539.8420
1369706540.0520
1369706540.2610
1369706540.4700
1369706540.6790
1369706540.8880
1369706541.0970
1369706541.3060
1369706541.5150
1369706541.7240
1369706541.9340
1369706542.1430
1369706542.3520
1369706542.5610
1369706542.7700
1369706542.9790
1369706543.1890
1369706543.3980
1369706543.6070
1369706543.8160
1369706544.0250
1369706544.2340
1369706544.4430
1369706544.6520
1369706544.8610
1369706545.0700
1369706545.2790
1369706545.4880
1369706545.6970
1369706545.9060
1369706546.1160
1369706546.3250
1369706546.5340
1369706546.7430
1369706546.9520
1369706547.1610
1369706547.3700
1369706547.5790
1369706547.7890
1369706547.9980
1369706548.2070
1369706548.4160
1369706548.6250
1369706548.8340
1369706549.0430
1369706549.2520
1369706549.4610
1369706549.6710
1369706549.8800
1369706550.0890
1369706550.2980
1369706550.5080
1369706550.7170
1369706550.9260
1369706551.1350
1369706551.3440
1369706551.5530
1369706551.7620
1369706551.9710
1369706552.1800
1369706552.3890
1369706552.5980
1369706552.8080
1369706553.0170
1369706553.2260
1369706553.4350
1369706553.6440
1369706553.8530
1369706554.0620
1369706554.2710
1369706554.4800
1369706554.6890
1369706554.8990
1369706555.1080
1369706555.3170
1369706555.5260
1369706555.7350
1369706555.9440
1369706556.1530
1369706556.3620
1369706556.5710
1369706556.7800
1369706556.9900
1369706557.1990
1369706557.4080
1369706557.6170
1369706557.8260
1369706558.0350
1369706558.2440
1369706558.4540
1369706558.6630
1369706558.8720
1369706559.0810
1369706559.2900
1369706559.4990
1369706559.7080
1369706559.9170
1369706560.1260
1369706560.3360
1369706560.5450
1369706560.7540
1369706560.9630
1369706561.1720
1369706561.3810
1369706561.5900
1369706561.7990
1369706562.0090
1369706562.2180
1369706562.4270
1369706562.6360
1369706562.8450
1369706563.0540
1369706563.2630
1369706563.4720
1369706563.6810
1369706563.8900
1369706564.1000
1369706564.3090
1369706564.5180
1369706564.7270
1369706564.9360
1369706565.1450
1369706565.3540
1369706565.5630
1369706565.7730
1369706565.9820
1369706566.1910
1369706566.4000
1369706566.6100
1369706566.8190
1369706567.0290
1369706567.2380
1369706567.4480
1369706567.6580
1369706567.8670
1369706568.0770
1369706568.2860
1369706568.4960
1369706568.7050
1369706568.9150
1369706569.1240
1369706569.3330
1369706569.5430
1369706569.7520
1369706569.9610
1369706570.1700
1369706570.3790
1369706570.5880
1369706570.7970
1369706571.0060
1369706571.2150
1369706571.4240
1369706571.6330
1369706571.8420
1369706572.0500
1369706572.2590
1369706572.4680
1369706572.6760
1369706572.8850
1369706573.0940
1369706573.3030
1369706573.5120
1369706573.7210
1369706573.9300
1369706574.1390
1369706574.3480
1369706574.5570
1369706574.7660
1369706574.9750
1369706575.1840
1369706575.3940
1369706575.6030
1369706575.8120
1369706576.0210
1369706576.2300
1369706576.4390
1369706576.6480
1369706576.8570
1369706577.0670
1369706577.2760
1369706577.4840
1369706577.6930
1369706577.9020
1369706578.1110
1369706578.3210
1369706578.5300
1369706578.7390
1369706578.9480
1369706579.1570
1369706579.3660
1369706579.5750
1369706579.7840
1369706579.9930
1369706580.2020
1369706580.4110
1369706580.6200
1369706580.8290
1369706581.0390
1369706581.2480
1369706581.4570
1369706581.6660
1369706581.8750
1369706582.0840
1369706582.2930
1369706582.5020
1369706582.7110
1369706582.9210
1369706583.1300
1369706583.3390
1369706583.5480
1369706583.7570
1369706583.9660
1369706584.1750
1369706584.3840
1369706584.5930
1369706584.8020
1369706585.0110
1369706585.2200
1369706585.4290
1369706585.6380
1369706585.8470
1369706586.0560
1369706586.2650
1369706586.4740
1369706586.6830
1369706586.8920
1369706587.1010
1369706587.3100
1369706587.5190
1369706587.7280
1369706587.9370
1369706588.1460
1369706588.3550
1369706588.5650
1369706588.7740
1369706588.9830
1369706589.1920
1369706589.4010
1369706589.6110
1369706589.8200
1369706590.0290
1369706590.2380
1369706590.4470
1369706590.6570
1369706590.8660
1369706591.0750
1369706591.2840
1369706591.4930
1369706591.7020
1369706591.9110
1369706592.1200
1369706592.3290
1369706592.5380
1369706592.7470
1369706592.9560
1369706593.1650
1369706593.3740
1369706593.5830
1369706593.7930
1369706594.0020
1369706594.2110
1369706594.4200
1369706594.6290
1369706594.8380
1369706595.0470
1369706595.2560
1369706595.4650
1369706595.6750
1369706595.8840
1369706596.0930
1369706596.3020
1369706596.5110
1369706596.7200
1369706596.9290
1369706597.1380
1369706597.3470
1369706597.5560
1369706597.7650
1369706597.9740
1369706598.1830
1369706598.3920
1369706598.6010
1369706598.8100
1369706599.0190
1369706599.2280
1369706599.4370
1369706599.6470
1369706599.8560
1369706600.0650
1369706600.2740
1369706600.4830
1369706600.6920
1369706600.9010
1369706601.1100
1369706601.3190
1369706601.5280
1369706601.7370
1369706601.9460
1369706602.1550
1369706602.3640
1369706602.5730
1369706602.7820
1369706602.9910
1369706603.2000
1369706603.4090
1369706603.6180
1369706603.8270
1369706604.0360
1369706604.2450
1369706604.4540
1369706604.6630
1369706604.8720
1369706605.0800
1369706605.2890
1369706605.4970
1369706605.7060
1369706605.9150
1369706606.1230
1369706606.3320
1369706606.5410
1369706606.7500
1369706606.9590
1369706607.1680
1369706607.3770
1369706607.5860
1369706607.7950
1369706608.0040
1369706608.2130
1369706608.4210
1369706608.6300
1369706608.8390
1369706609.0480
1369706609.2570
1369706609.4670
1369706609.6760
1369706609.8850
1369706610.0950
1369706610.3040
1369706610.5130
1369706610.7230
1369706610.9320
1369706611.1410
1369706611.3510
1369706611.5600
1369706611.7690
1369706611.9790
1369706612.1880
1369706612.3970
1369706612.6060
1369706612.8150
1369706613.0240
1369706613.2340
1369706613.4430
1369706613.6520
1369706613.8610
1369706614.0700
1369706614.2790
1369706614.4880
1369706614.6970
1369706614.9060
1369706615.1160
1369706615.3250
1369706615.5340
1369706615.7430
1369706615.9520
1369706616.1610
1369706616.3700
1369706616.5790
1369706616.7880
1369706616.9970
1369706617.2060
1369706617.4150
1369706617.6240
1369706617.8330
1369706618.0430
1369706618.2520
1369706618.4610
1369706618.6700
1369706618.8780
1369706619.0870
1369706619.2960
1369706619.5050
1369706619.7150
1369706619.9240
1369706620.1330
1369706620.3420
1369706620.5510
1369706620.7600
1369706620.9690
1369706621.1780
1369706621.3870
1369706621.5960
1369706621.8050
1369706622.0140
1369706622.2230
1369706622.4320
1369706622.6410
1369706622.8500
1369706623.0590
1369706623.2680
1369706623.4770
1369706623.6860
1369706623.8960
1369706624.1050
1369706624.3140
1369706624.5230
1369706624.7320
1369706624.9410
1369706625.1500
1369706625.3590
1369706625.5680
1369706625.7770
1369706625.9870
1369706626.1960
1369706626.4050
1369706626.6140
1369706626.8230
1369706627.0320
1369706627.2410
1369706627.4500
1369706627.6590
1369706627.8680
1369706628.0770
1369706628.2860
1369706628.4950
1369706628.7040
1369706628.9130
1369706629.1220
1369706629.3320
1369706629.5410
1369706629.7500
1369706629.9590
1369706630.1680
1369706630.3770
1369706630.5870
1369706630.7970
1369706631.0060
1369706631.2160
1369706631.4260
1369706631.6360
1369706631.8450
1369706632.0550
1369706632.2640
1369706632.4730
1369706632.6820
1369706632.8910
1369706633.0990
1369706633.3080
1369706633.5160
1369706633.7240
1369706633.9320
1369706634.1400
1369706634.3480
1369706634.5560
1369706634.7650
1369706634.9730
1369706635.1810
1369706635.3890
1369706635.5980
1369706635.8060
1369706636.0140
1369706636.2230
1369706636.4320
1369706636.6400
1369706636.8490
1369706637.0580
1369706637.2670
1369706637.4760
1369706637.6850
1369706637.8940
1369706638.1040
1369706638.3130
1369706638.5220
1369706638.7320
1369706638.9410
1369706639.1500
1369706639.3600
1369706639.5700
1369706639.7790
1369706639.9890
1369706640.1980
1369706640.4080
1369706640.6180
1369706640.8270
1369706641.0370
1369706641.2460
1369706641.4550
1369706641.6650
1369706641.8740
1369706642.0830
1369706642.2920
1369706642.5010
1369706642.7100
1369706642.9190
1369706643.1280
1369706643.3370
1369706643.5460
1369706643.7550
1369706643.9640
1369706644.1730
1369706644.3820
1369706644.5910
1369706644.8000
1369706645.0090
1369706645.2180
1369706645.4270
1369706645.6370
1369706645.8460
1369706646.0550
1369706646.2640
1369706646.4730
1369706646.6820
1369706646.8910
1369706647.1000
1369706647.3090
1369706647.5180
1369706647.7270
1369706647.9360
1369706648.1450
1369706648.3550
1369706648.5640
1369706648.7730
1369706648.9820
1369706649.1910
1369706649.4000
1369706649.6090
1369706649.8180
1369706650.0270
1369706650.2360
1369706650.4450
1369706650.6540
1369706650.8630
1369706651.0720
1369706651.2810
1369706651.4910
1369706651.7000
1369706651.9090
1369706652.1180
1369706652.3270
1369706652.5360
1369706652.7450
1369706652.9540
1369706653.1630
1369706653.3720
1369706653.5810
1369706653.7900
1369706654.0000
1369706654.2090
1369706654.4180
1369706654.6270
1369706654.8360
1369706655.0450
1369706655.2540
1369706655.4630
1369706655.6720
1369706655.8810
1369706656.0900
1369706656.2990
1369706656.5080
1369706656.7180
1369706656.9270
1369706657.1360
1369706657.3450
1369706657.5540
1369706657.7630
1369706657.9720
1369706658.1810
1369706658.3900
1369706658.5990
1369706658.8080
1369706659.0170
1369706659.2270
1369706659.4360
1369706659.6450
1369706659.8540
1369706660.0630
1369706660.2720
1369706660.4810
1369706660.6900
1369706660.8990
1369706661.1080
1369706661.3180
1369706661.5270
1369706661.7360
1369706661.9450
1369706662.1540
1369706662.3640
1369706662.5730
1369706662.7820
1369706662.9920
1369706663.2010
1369706663.4100
1369706663.6190
1369706663.8290
1369706664.0380
1369706664.2470
1369706664.4560
1369706664.6650
1369706664.8740
1369706665.0830
1369706665.2910
1369706665.5000
1369706665.7090
1369706665.9180
1369706666.1270
1369706666.3350
1369706666.5440
1369706666.7530
1369706666.9620
1369706667.1710
1369706667.3800
1369706667.5890
1369706667.7980
1369706668.0070
1369706668.2160
1369706668.4250
1369706668.6340
1369706668.8430
1369706669.0530
1369706669.2620
1369706669.4710
1369706669.6800
1369706669.8890
1369706670.0990
1369706670.3080
1369706670.5170
1369706670.7260
1369706670.9350
1369706671.1450
1369706671.3540
1369706671.5630
1369706671.7720
1369706671.9810
1369706672.1900
1369706672.3990
1369706672.6080
1369706672.8170
1369706673.0260
1369706673.2360
1369706673.4450
1369706673.6540
1369706673.8630
1369706674.0730
1369706674.2820
1369706674.4910
1369706674.7000
1369706674.9090
1369706675.1180
1369706675.3260
1369706675.5350
1369706675.7440
1369706675.9530
1369706676.1610
1369706676.3700
1369706676.5780
1369706676.7870
1369706676.9960
1369706677.2050
1369706677.4140
1369706677.6220
1369706677.8310
1369706678.0400
1369706678.2490
1369706678.4580
1369706678.6680
1369706678.8770
1369706679.0860
1369706679.2950
1369706679.5050
1369706679.7140
1369706679.9240
1369706680.1330
1369706680.3420
1369706680.5510
1369706680.7600
1369706680.9700
1369706681.1790
1369706681.3880
1369706681.5970
1369706681.8060
1369706682.0150
1369706682.2250
1369706682.4340
1369706682.6430
1369706682.8520
1369706683.0610
1369706683.2700
1369706683.4790
1369706683.6880
1369706683.8970
1369706684.1060
1369706684.3150
1369706684.5240
1369706684.7330
1369706684.9420
1369706685.1510
1369706685.3600
1369706685.5690
1369706685.7780
1369706685.9870
1369706686.1960
1369706686.4050
1369706686.6140
1369706686.8230
1369706687.0320
1369706687.2410
1369706687.4500
1369706687.6590
1369706687.8680
1369706688.0770
1369706688.2860
1369706688.4950
1369706688.7040
1369706688.9130
1369706689.1220
1369706689.3310
1369706689.5400
1369706689.7490
1369706689.9580
1369706690.1670
1369706690.3760
1369706690.5850
1369706690.7940
1369706691.0030
1369706691.2120
1369706691.4210
1369706691.6300
1369706691.8390
1369706692.0480
1369706692.2570
1369706692.4660
1369706692.6750
1369706692.8840
1369706693.0930
1369706693.3020
1369706693.5110
1369706693.7200
1369706693.9290
1369706694.1380
1369706694.3470
1369706694.5560
1369706694.7650
1369706694.9740
1369706695.1830
1369706695.3920
1369706695.6010
1369706695.8110
1369706696.0200
1369706696.2290
1369706696.4380
1369706696.6470
1369706696.8560
1369706697.0650
1369706697.2740
1369706697.4830
1369706697.6920
1369706697.9010
1369706698.1100
1369706698.3190
1369706698.5280
1369706698.7370
1369706698.9460
1369706699.1550
1369706699.3640
1369706699.5730
1369706699.7820
1369706699.9910
1369706700.2000
1369706700.4090
1369706700.6180
1369706700.8270
1369706701.0360
1369706701.2450
1369706701.4540
1369706701.6630
1369706701.8720
1369706702.0810
1369706702.2900
1369706702.4990
1369706702.7080
1369706702.9170
1369706703.1270
1369706703.3360
1369706703.5450
1369706703.7540
1369706703.9630
1369706704.1720
1369706704.3810
1369706704.5900
1369706704.7990
1369706705.0080
1369706705.2170
1369706705.4260
1369706705.6360
1369706705.8450
1369706706.0540
1369706706.2640
1369706706.4730
1369706706.6830
1369706706.8920
1369706707.1010
1369706707.3100
1369706707.5190
1369706707.7280
1369706707.9370
1369706708.1460
1369706708.3550
1369706708.5640
1369706708.7720
1369706708.9810
1369706709.1900
1369706709.3980
1369706709.6070
1369706709.8150
1369706710.0240
1369706710.2320
1369706710.4400
1369706710.6490
1369706710.8570
1369706711.0660
1369706711.2750
1369706711.4840
1369706711.6930
1369706711.9020
1369706712.1110
1369706712.3200
1369706712.5290
1369706712.7390
1369706712.9480
1369706713.1570
1369706713.3660
1369706713.5750
1369706713.7840
1369706713.9940
1369706714.2030
1369706714.4120
1369706714.6210
1369706714.8300
1369706715.0390
1369706715.2480
1369706715.4570
1369706715.6670
1369706715.8760
1369706716.0850
1369706716.2940
1369706716.5040
1369706716.7130
1369706716.9230
1369706717.1320
1369706717.3420
1369706717.5510
1369706717.7600
1369706717.9690
1369706718.1790
1369706718.3880
1369706718.5970
1369706718.8060
1369706719.0150
1369706719.2240
1369706719.4330
1369706719.6420
1369706719.8510
1369706720.0600
1369706720.2690
1369706720.4790
1369706720.6880
1369706720.8970
1369706721.1060
1369706721.3150
1369706721.5240
1369706721.7330
1369706721.9420
1369706722.1510
1369706722.3600
1369706722.5690
1369706722.7780
1369706722.9870
1369706723.1960
1369706723.4060
1369706723.6150
1369706723.8240
1369706724.0330
1369706724.2420
1369706724.4510
1369706724.6590
1369706724.8680
1369706725.0770
1369706725.2860
1369706725.4950
1369706725.7040
1369706725.9130
1369706726.1220
1369706726.3310
1369706726.5400
1369706726.7490
1369706726.9580
1369706727.1680
1369706727.3770
1369706727.5860
1369706727.7950
1369706728.0040
1369706728.2130
1369706728.4210
1369706728.6300
1369706728.8390
1369706729.0480
1369706729.2570
1369706729.4660
1369706729.6750
1369706729.8840
1369706730.0930
1369706730.3020
1369706730.5110
1369706730.7200
1369706730.9290
1369706731.1380
1369706731.3470
1369706731.5560
1369706731.7650
1369706731.9740
1369706732.1830
1369706732.3920
1369706732.6010
1369706732.8100
1369706733.0190
1369706733.2280
1369706733.4370
1369706733.6460
1369706733.8550
1369706734.0640
1369706734.2730
1369706734.4820
1369706734.6910
1369706734.9000
1369706735.1090
1369706735.3180
1369706735.5270
1369706735.7360
1369706735.9450
1369706736.1540
1369706736.3630
1369706736.5720
1369706736.7810
1369706736.9900
1369706737.1990
1369706737.6180
1369706737.8270
1369706738.0360
1369706738.2450
1369706738.4530
1369706738.6620
1369706738.8710
1369706739.0800
1369706739.2890
1369706739.4980
1369706739.7070
1369706739.9160
1369706740.1250
1369706740.3340
1369706740.5430
1369706740.7520
1369706740.9610
1369706741.1700
1369706741.3790
1369706741.5880
1369706741.7970
1369706742.0060
1369706742.2150
1369706742.4240
1369706742.6330
1369706742.8420
1369706743.0510
1369706743.2600
1369706743.4690
1369706743.6790
1369706743.8880
1369706744.0970
1369706744.3060
1369706744.5150
1369706744.7240
1369706744.9330
1369706745.1430
1369706745.3520
1369706745.5610
1369706745.7700
1369706745.9790
1369706746.1880
1369706746.3970
1369706746.6060
1369706746.8150
1369706747.0240
1369706747.2330
1369706747.4420
1369706747.6510
1369706747.8590
1369706748.0680
1369706748.2770
1369706748.4860
1369706748.6950
1369706748.9040
1369706749.1130
1369706749.3220
1369706749.5310
1369706749.7400
1369706749.9480
1369706750.1570
1369706750.3670
1369706750.5760
1369706750.7850
1369706750.9940
1369706751.2030
1369706751.4130
1369706751.6220
1369706751.8310
1369706752.0400
1369706752.2500
1369706752.4590
1369706752.6680
1369706752.8770
1369706753.0860
1369706753.2950
1369706753.5050
1369706753.7140
1369706753.9230
1369706754.1320
1369706754.3410
1369706754.5500
1369706754.7590
1369706754.9680
1369706755.1770
1369706755.3860
1369706755.5950
1369706755.8040
1369706756.0130
1369706756.2220
1369706756.4310
1369706756.6410
1369706756.8500
1369706757.0590
1369706757.2680
1369706757.4770
1369706757.6860
1369706757.8950
1369706758.1040
1369706758.3130
1369706758.5220
1369706758.7310
1369706758.9400
1369706759.1490
1369706759.3580
1369706759.5670
1369706759.7760
1369706759.9850
1369706760.1940
1369706760.4030
1369706760.6120
1369706760.8210
1369706761.0300
1369706761.2390
1369706761.4480
1369706761.6570
1369706761.8660
1369706762.0750
1369706762.2840
1369706762.4930
1369706762.7020
1369706762.9110
1369706763.1200
1369706763.3290
1369706763.5380
1369706763.7470
1369706763.9560
1369706764.1650
1369706764.3740
1369706764.5830
1369706764.7920
1369706765.0010
1369706765.2100
1369706765.4190
1369706765.6280
1369706765.8370
1369706766.0460
1369706766.2550
1369706766.4640
1369706766.6730
1369706766.8820
1369706767.0910
1369706767.3000
1369706767.5090
1369706767.7180
1369706767.9270
1369706768.1360
1369706768.3450
1369706768.5550
1369706768.7640
1369706768.9730
1369706769.1820
1369706769.3910
1369706769.6000
1369706769.8090
1369706770.0180
1369706770.2270
1369706770.4370
1369706770.6460
1369706770.8550
1369706771.0640
1369706771.2730
1369706771.4820
1369706771.6910
1369706771.9000
1369706772.1090
1369706772.3180
1369706772.5270
1369706772.7360
1369706772.9450
1369706773.1540
1369706773.3630
1369706773.5720
1369706773.7810
1369706773.9900
1369706774.1990
1369706774.4080
1369706774.6170
1369706774.8260
1369706775.0350
1369706775.2440
1369706775.4530
1369706775.6620
1369706775.8710
1369706776.0800
1369706776.2880
1369706776.4970
1369706776.7060
1369706776.9140
1369706777.1230
1369706777.3320
1369706777.5410
1369706777.7500
1369706777.9590
1369706778.1680
1369706778.3770
1369706778.5860
1369706778.7960
1369706779.0050
1369706779.2140
1369706779.4240
1369706779.6340
1369706779.8430
1369706780.0530
1369706780.2630
1369706780.4720
1369706780.6820
1369706780.8910
1369706781.1000
1369706781.3090
1369706781.5190
1369706781.7280
1369706781.9370
1369706782.1460
1369706782.3550
1369706782.5640
1369706782.7740
1369706782.9830
1369706783.1920
1369706783.4010
1369706783.6100
1369706783.8190
1369706784.0280
1369706784.2370
1369706784.4460
1369706784.6540
1369706784.8630
1369706785.0720
1369706785.2810
1369706785.4900
1369706785.6990
1369706785.9080
1369706786.1170
1369706786.3260
1369706786.5350
1369706786.7440
1369706786.9530
1369706787.1620
1369706787.3710
1369706787.5800
1369706787.7890
1369706787.9980
1369706788.2060
1369706788.4150
1369706788.6240
1369706788.8330
1369706789.0420
1369706789.2510
1369706789.4600
1369706789.6690
1369706789.8780
1369706790.0870
1369706790.2960
1369706790.5050
1369706790.7140
1369706790.9230
1369706791.1330
1369706791.3420
1369706791.5510
1369706791.7600
1369706791.9690
1369706792.1780
1369706792.3870
1369706792.5960
1369706792.8050
1369706793.0140
1369706793.2230
1369706793.4320
1369706793.6410
1369706793.8500
1369706794.0590
1369706794.2680
1369706794.4770
1369706794.6860
1369706794.8950
1369706795.1040
1369706795.3140
1369706795.5230
1369706795.7320
1369706795.9410
1369706796.1500
1369706796.3590
1369706796.5680
1369706796.7770
1369706796.9860
1369706797.1950
1369706797.4050
1369706797.6140
1369706797.8240
1369706798.0330
1369706798.2430
1369706798.4520
1369706798.6610
1369706798.8710
1369706799.0800
1369706799.2890
1369706799.4980
1369706799.7060
1369706799.9150
1369706800.1230
1369706800.3310
1369706800.5390
1369706800.7470
1369706800.9550
1369706801.1640
1369706801.3720
1369706801.5810
1369706801.7890
1369706801.9980
1369706802.2070
1369706802.4160
1369706802.6250
1369706802.8340
1369706803.0430
1369706803.2520
1369706803.4610
1369706803.6700
1369706803.8790
1369706804.0880
1369706804.2970
1369706804.5060
1369706804.7150
1369706804.9240
1369706805.1330
1369706805.3420
1369706805.5510
1369706805.7600
1369706805.9700
1369706806.1800
1369706806.3890
1369706806.5990
1369706806.8090
1369706807.0200
1369706807.2300
1369706807.4390
1369706807.6490
1369706807.8580
1369706808.0670
1369706808.4860
1369706808.6950
1369706808.9040
1369706809.1130
1369706809.3220
1369706809.5310
1369706809.7400
1369706809.9490
1369706810.1580
1369706810.3670
1369706810.5760
1369706810.7850
1369706810.9940
1369706811.2030
1369706811.4120
1369706811.6210
1369706811.8300
1369706812.0390
1369706812.2480
1369706812.4570
1369706812.6660
1369706812.8750
1369706813.0850
1369706813.2940
1369706813.5030
1369706813.7120
1369706813.9210
1369706814.1300
1369706814.3390
1369706814.5480
1369706814.7570
1369706814.9660
1369706815.1750
1369706815.3840
1369706815.5930
1369706815.8020
1369706816.0110
1369706816.2200
1369706816.4290
1369706816.6380
1369706816.8470
1369706817.0560
1369706817.2650
1369706817.4740
1369706817.6830
1369706817.8920
1369706818.1010
1369706818.3100
1369706818.5190
1369706818.7280
1369706818.9370
1369706819.1460
1369706819.3550
1369706819.5640
1369706819.7740
1369706819.9830
1369706820.1920
1369706820.4010
1369706820.6100
1369706820.8190
1369706821.0280
1369706821.2370
1369706821.4460
1369706821.6550
1369706821.8640
1369706822.0720
1369706822.2810
1369706822.4900
1369706822.6990
1369706822.9080
1369706823.1170
1369706823.3260
1369706823.5350
1369706823.7440
1369706823.9530
1369706824.1620
1369706824.3710
1369706824.5800
1369706824.7890
1369706824.9980
1369706825.2070
1369706825.4160
1369706825.6250
1369706825.8340
1369706826.0430
1369706826.2520
1369706826.4610
1369706826.6700
1369706826.8790
1369706827.0880
1369706827.2960
1369706827.5050
1369706827.7140
1369706827.9230
1369706828.1320
1369706828.3410
1369706828.5500
1369706828.7590
1369706828.9680
1369706829.1780
1369706829.3870
1369706829.5970
1369706829.8060
1369706830.0160
1369706830.2250
1369706830.4350
1369706830.6440
1369706830.8540
1369706831.0630
1369706831.2720
1369706831.4810
1369706831.6900
1369706831.8990
1369706832.1080
1369706832.3170
1369706832.5260
1369706832.7350
1369706832.9440
1369706833.1530
1369706833.3620
1369706833.5710
1369706833.7800
1369706833.9890
1369706834.1990
1369706834.4080
1369706834.6170
1369706834.8260
1369706835.0340
1369706835.2430
1369706835.4520
1369706835.6610
1369706835.8700
1369706836.0790
1369706836.2880
1369706836.4970
1369706836.7050
1369706836.9140
1369706837.1220
1369706837.3310
1369706837.5400
1369706837.7490
1369706837.9580
1369706838.1670
1369706838.3760
1369706838.5850
1369706838.7940
1369706839.0030
1369706839.2120
1369706839.4210
1369706839.6300
1369706839.8400
1369706840.0490
1369706840.2590
1369706840.4690
1369706840.6780
1369706840.8880
1369706841.0970
1369706841.3070
1369706841.5160
1369706841.7260
1369706841.9350
1369706842.1440
1369706842.3530
1369706842.5620
1369706842.7710
1369706842.9800
1369706843.1890
1369706843.3980
1369706843.6060
1369706843.8150
1369706844.0240
1369706844.2330
1369706844.4420
1369706844.6500
1369706844.8590
1369706845.0680
1369706845.2770
1369706845.4860
1369706845.6950
1369706847.1610
1369706848.4140
1369706848.6230
1369706848.8310
1369706849.0400
1369706849.2490
1369706849.4580
1369706849.6670
1369706849.8760
1369706850.0850
1369706850.2940
1369706850.5030
1369706850.7120
1369706850.9210
1369706851.1310
1369706851.3400
1369706855.7330
1369706857.8210
1369706858.0300
1369706858.2390
1369706858.4470
1369706858.6560
1369706858.8650
1369706859.0750
1369706859.2840
1369706859.4940
1369706859.7040
1369706859.9130
1369706860.1230
1369706860.3330
1369706860.5420
1369706860.7520
1369706860.9610
1369706861.1700
1369706861.3790
1369706861.5880
1369706861.7980
1369706862.0070
1369706862.2160
1369706862.4250
1369706862.6340
1369706862.8430
1369706863.0520
1369706863.2600
1369706863.4690
1369706863.6780
1369706863.8870
1369706864.0960
1369706864.3050
1369706864.5150
1369706864.7240
1369706864.9330
1369706865.1420
1369706865.3510
1369706865.5600
1369706865.7700
1369706865.9790
1369706866.1890
1369706866.3980
1369706866.6080
1369706866.8170
1369706867.0260
1369706867.2350
1369706867.4440
1369706867.6530
1369706867.8620
1369706868.0710
1369706868.2800
1369706868.4890
1369706868.6980
1369706868.9070
1369706869.1160
1369706869.3250
1369706869.5340
1369706869.7430
1369706869.9520
1369706870.1610
1369706870.3710
1369706870.5800
1369706870.7890
1369706870.9980
1369706871.2070
1369706871.4160
1369706871.6250
1369706871.8340
1369706872.0430
1369706872.2520
1369706872.4610
1369706872.6700
1369706872.8790
1369706873.0890
1369706873.2980
1369706873.5070
1369706873.7160
1369706873.9250
1369706874.1340
1369706874.3430
1369706874.5520
1369706874.7610
1369706874.9700
1369706875.1790
1369706875.3890
1369706875.5980
1369706875.8070
1369706876.0160
1369706876.2250
1369706876.4340
1369706876.6430
1369706876.8520
1369706877.0610
1369706877.2700
1369706877.4790
1369706877.6890
1369706877.8980
1369706878.1070
1369706878.3160
1369706878.5250
1369706878.7340
1369706878.9430
1369706879.1520
1369706879.3610
1369706879.5700
1369706879.7790
1369706879.9880
1369706880.1970
1369706880.4060
1369706880.6150
1369706880.8250
1369706881.0340
1369706881.2430
1369706881.4520
1369706881.6610
1369706881.8700
1369706882.0790
1369706882.2880
1369706882.4970
1369706882.7070
1369706882.9160
1369706883.1250
1369706883.3350
1369706883.5450
1369706883.7540
1369706883.9630
1369706884.1720
1369706884.3820
1369706884.5910
1369706884.8000
1369706885.0100
1369706885.2190
1369706885.4280
1369706885.6370
1369706885.8460
1369706886.0550
1369706886.2640
1369706886.4730
1369706886.6830
1369706886.8920
1369706887.1010
1369706887.3100
1369706887.5180
1369706887.7270
1369706887.9370
1369706888.1460
1369706888.3550
1369706888.5640
1369706888.7730
1369706888.9820
1369706889.1910
1369706889.4000
1369706889.6090
1369706889.8180
1369706890.0270
1369706890.2370
1369706890.4460
1369706890.6550
1369706890.8640
1369706891.0730
1369706891.2820
1369706891.4920
1369706891.7010
1369706891.9100
1369706892.1190
1369706892.3290
1369706892.5380
1369706892.7470
1369706892.9560
1369706893.1660
1369706893.3750
1369706893.5840
1369706893.7940
1369706894.0030
1369706894.2120
1369706894.4220
1369706894.6310
1369706894.8400
1369706895.0500
1369706895.2590
1369706895.4680
1369706895.6770
1369706895.8860
1369706896.0950
1369706896.3040
1369706896.5130
1369706896.7220
1369706896.9310
1369706897.1400
1369706897.3500
1369706897.5590
1369706897.7680
1369706897.9770
1369706898.1860
1369706898.3950
1369706898.6040
1369706898.8130
1369706899.0220
1369706899.2310
1369706899.4400
1369706899.6490
1369706899.8580
1369706900.0670
1369706900.2760
1369706900.4850
1369706900.6940
1369706900.9030
1369706901.1120
1369706901.3210
1369706901.5300
1369706901.7400
1369706901.9490
1369706902.1590
1369706902.3680
1369706902.5780
1369706902.7870
1369706902.9960
1369706903.2050
1369706903.4140
1369706903.6230
1369706903.8320
1369706904.0410
1369706904.2500
1369706904.4590
1369706904.6690
1369706904.8780
1369706905.0870
1369706905.2960
1369706905.5050
1369706905.7140
1369706905.9230
1369706906.1320
1369706906.3400
1369706906.5500
1369706906.7590
1369706906.9680
1369706907.1770
1369706907.3860
1369706907.5950
1369706907.8050
1369706908.0140
1369706908.2230
1369706908.4330
1369706908.6420
1369706908.8510
1369706909.0600
1369706909.2690
1369706909.4780
1369706909.6870
1369706909.8960
1369706910.1050
1369706910.3140
1369706910.5230
1369706910.7320
1369706910.9410
1369706911.1500
1369706911.3600
1369706911.5690
1369706911.7780
1369706911.9870
1369706912.1960
1369706912.4040
1369706912.6140
1369706912.8230
1369706913.0320
1369706913.2410
1369706913.4500
1369706913.6590
1369706913.8680
1369706914.0770
1369706914.2860
1369706914.4950
1369706914.7040
1369706914.9130
1369706915.1220
1369706915.3310
1369706915.5410
1369706915.7500
1369706915.9590
1369706916.1680
1369706916.3770
1369706916.5860
1369706916.7950
1369706917.0040
1369706917.2130
1369706917.4220
1369706917.6320
1369706917.8410
1369706918.0500
1369706918.2590
1369706918.4680
1369706918.6770
1369706918.8860
1369706919.0950
1369706919.3040
1369706919.5140
1369706919.7230
1369706919.9320
1369706920.1410
1369706920.3500
1369706920.5590
1369706920.7680
1369706920.9770
1369706921.1860
1369706921.3950
1369706921.6040
1369706921.8130
1369706922.0220
1369706922.2310
1369706922.4400
1369706922.6490
1369706922.8580
1369706923.0670
1369706923.2760
1369706923.4850
1369706923.6940
1369706923.9030
1369706924.1120
1369706924.3210
1369706924.5300
1369706924.7390
1369706924.9480
1369706925.1570
1369706925.3660
1369706925.5750
1369706925.7840
1369706925.9940
1369706926.2030
1369706926.4120
1369706926.6210
1369706926.8300
1369706927.0390
1369706927.2480
1369706927.4570
1369706927.6670
1369706927.8760
1369706928.0850
1369706928.2940
1369706928.5030
1369706928.7120
1369706928.9210
1369706929.1290
1369706929.3380
1369706929.5470
1369706929.7550
1369706929.9640
1369706930.1720
1369706930.3810
1369706930.5900
1369706930.7990
1369706931.0070
1369706931.2160
1369706931.4250
1369706931.6340
1369706931.8430
1369706932.0520
1369706932.2610
1369706932.4700
1369706932.6790
1369706932.8880
1369706933.0970
1369706933.3070
1369706933.5160
1369706933.7260
1369706933.9350
1369706934.1450
1369706934.3540
1369706934.5630
1369706934.7730
1369706934.9820
1369706935.1910
1369706935.4000
1369706935.6090
1369706935.8180
1369706936.0270
1369706936.2360
1369706936.4450
1369706937.0730
1369706938.1180
1369706939.1640
1369706939.3730
1369706939.5820
1369706939.7910
1369706940.0000
1369706940.2090
1369706940.4180
1369706940.6270
1369706940.8360
1369706941.0450
1369706941.2540
1369706941.4630
1369706941.6720
1369706941.8810
1369706942.0900
1369706942.3000
1369706942.5090
1369706942.7180
1369706942.9270
1369706943.1360
1369706943.3450
1369706943.5540
1369706943.7630
1369706943.9720
1369706944.1810
1369706944.3900
1369706944.5980
1369706944.8070
1369706945.0160
1369706945.2250
1369706945.4340
1369706945.6420
1369706945.8510
1369706946.0600
1369706946.2690
1369706946.4780
1369706947.5250
1369706947.9440
1369706949.6160
1369706949.8250
1369706950.0340
1369706950.2430
1369706950.4530
1369706950.6620
1369706950.8710
1369706951.0810
1369706951.2900
1369706951.4990
1369706951.7080
1369706951.9170
1369706952.1260
1369706952.3350
1369706952.5440
1369706952.7530
1369706952.9620
1369706953.1710
1369706953.3800
1369706953.5890
1369706953.7980
1369706954.0070
1369706954.2160
1369706954.4250
1369706954.6350
1369706954.8440
1369706955.0530
1369706955.2620
1369706955.4720
1369706955.6810
1369706955.8900
1369706956.0990
1369706956.3080
1369706956.5170
1369706956.7260
1369706956.9350
1369706957.1440
1369706957.3530
1369706957.5620
1369706957.7720
1369706957.9810
1369706958.1900
1369706958.3990
1369706958.6080
1369706958.8170
1369706959.0260
1369706959.2350
1369706959.4440
1369706959.6530
1369706959.8620
1369706960.0710
1369706960.2800
1369706960.4890
1369706960.6980
1369706960.9070
1369706961.1170
1369706961.3260
1369706961.5350
1369706961.7440
1369706961.9530
1369706962.1620
1369706962.3710
1369706962.5800
1369706962.7890
1369706962.9980
1369706963.2080
1369706963.4170
1369706963.6260
1369706963.8340
1369706964.0430
1369706964.2520
1369706964.4610
1369706964.6700
1369706964.8790
1369706965.0890
1369706965.2980
1369706965.5070
1369706965.7170
1369706965.9260
1369706966.1350
1369706966.3450
1369706966.5540
1369706966.7630
1369706966.9720
1369706967.1810
1369706967.3900
1369706967.5990
1369706967.8080
1369706968.0170
1369706968.2270
1369706968.4360
1369706968.6450
1369706968.8540
1369706969.0630
1369706969.2720
1369706969.4810
1369706969.6910
1369706969.9000
1369706970.1090
1369706970.3180
1369706970.5270
1369706970.7360
1369706970.9450
1369706971.1540
1369706971.3630
1369706971.5730
1369706971.7820
1369706971.9910
1369706972.2000
1369706972.4090
1369706972.6180
1369706972.8270
1369706973.0360
1369706973.2450
1369706973.4540
1369706973.6630
1369706973.8730
1369706974.0820
1369706974.2910
1369706974.5000
1369706974.7090
1369706974.9180
1369706975.1270
1369706975.3360
1369706975.5450
1369706975.7540
1369706975.9640
1369706976.1730
1369706976.3820
1369706976.5920
1369706976.8010
1369706977.0100
1369706977.2190
1369706977.4280
1369706977.6380
1369706977.8470
1369706978.0560
1369706978.2650
1369706978.4740
1369706978.6830
1369706978.8920
1369706979.1010
1369706979.3100
1369706979.5190
1369706979.7290
1369706979.9380
1369706980.1470
1369706980.3560
1369706980.5650
1369706980.7740
1369706980.9840
1369706981.1930
1369706981.4020
1369706981.6110
1369706981.8200
1369706982.0300
1369706982.2390
1369706982.4480
1369706982.6570
1369706982.8660
1369706983.0750
1369706983.2840
1369706983.4930
1369706983.7020
1369706983.9120
1369706984.1210
1369706984.3300
1369706984.5390
1369706984.7480
1369706984.9570
1369706985.1670
1369706985.3760
1369706985.5850
1369706985.7940
1369706986.0030
1369706986.2120
1369706986.4210
1369706986.6300
1369706986.8390
1369706987.0480
1369706987.2570
1369706987.4660
1369706987.6750
1369706987.8840
1369706988.0930
1369706988.3030
1369706988.5120
1369706988.7210
1369706988.9300
1369706989.1390
1369706989.3480
1369706989.5570
1369706989.7660
1369706989.9760
1369706990.1850
1369706990.3940
1369706990.6030
1369706990.8120
1369706991.0210
1369706991.2300
1369706991.4390
1369706991.6490
1369706991.8580
1369706992.0670
1369706992.2760
1369706992.4850
1369706992.6950
1369706992.9040
1369706993.1130
1369706993.3220
1369706993.5310
1369706993.7400
1369706993.9500
1369706994.1590
1369706994.3680
1369706994.5770
1369706994.7860
1369706994.9950
1369706995.2040
1369706995.4140
1369706995.6230
1369706995.8320
1369706996.0410
1369706996.2500
1369706996.4590
1369706996.6680
1369706996.8770
1369706997.0860
1369706997.2950
1369706997.5040
1369706997.7140
1369706997.9230
1369706998.1320
1369706998.3410
1369706998.5510
1369706998.7600
1369706998.9690
1369706999.1790
1369706999.3880
1369706999.5970
1369706999.8060
1369707000.0150
1369707000.2240
1369707000.4330
1369707000.6430
1369707000.8520
1369707001.0610
1369707001.2700
1369707001.4800
1369707001.6890
1369707001.8980
1369707002.1070
1369707002.3160
1369707002.5250
1369707002.7340
1369707002.9430
1369707003.1520
1369707003.3610
1369707003.5700
1369707003.7790
1369707003.9880
1369707004.1970
1369707004.4060
1369707004.6150
1369707004.8240
1369707005.0330
1369707005.2420
1369707005.4510
1369707005.6600
1369707005.8690
1369707006.0780
1369707006.2880
1369707006.4970
1369707006.7060
1369707006.9150
1369707007.1240
1369707007.3330
1369707007.5420
1369707007.7510
1369707007.9600
1369707008.1690
1369707008.3790
1369707008.5880
1369707008.7970
1369707009.0060
1369707009.2150
1369707009.4240
1369707009.6330
1369707009.8420
1369707010.0510
1369707010.2600
1369707010.4690
1369707010.6780
1369707010.8870
1369707011.0960
1369707011.3050
1369707011.5150
1369707011.7240
1369707011.9330
1369707012.1420
1369707012.3510
1369707012.5610
1369707012.7700
1369707012.9790
1369707013.1880
1369707013.3970
1369707013.6060
1369707013.8150
1369707014.0250
1369707014.2340
1369707014.4430
1369707014.6520
1369707014.8610
1369707015.0710
1369707015.2800
1369707015.4890
1369707015.6990
1369707015.9080
1369707016.1170
1369707016.3270
1369707016.5360
1369707016.7450
1369707016.9550
1369707017.1640
1369707017.3730
1369707017.5820
1369707017.7910
1369707018.0010
1369707018.2100
1369707018.4190
1369707018.6290
1369707018.8380
1369707019.0470
1369707019.2570
1369707019.4660
1369707019.6760
1369707019.8850
1369707020.0930
1369707020.3020
1369707020.5110
1369707020.7200
1369707020.9290
1369707021.1380
1369707021.3470
1369707021.5560
1369707021.7650
1369707021.9740
1369707022.1830
1369707022.3920
1369707022.6010
1369707022.8100
1369707023.0190
1369707023.2280
1369707023.4370
1369707023.6460
1369707023.8550
1369707024.0640
1369707024.2740
1369707024.4830
1369707024.6920
1369707024.9010
1369707025.1110
1369707025.3200
1369707025.5300
1369707025.7390
1369707025.9490
1369707026.1580
1369707026.3670
1369707033.6830
1369707037.6580
1369707038.4950
1369707039.9600
1369707040.1680
1369707040.3760
1369707040.5840
1369707040.7930
1369707041.0020
1369707041.2110
1369707041.4210
1369707041.6310
1369707041.8410
1369707042.0510
1369707042.2600
1369707042.4700
1369707042.6790
1369707042.8880
1369707043.0970
1369707043.3060
1369707043.5150
1369707043.7240
1369707043.9330
1369707044.1420
1369707044.3510
1369707044.5600
1369707044.7700
1369707044.9790
1369707045.1880
1369707045.3970
1369707045.6060
1369707045.8150
1369707046.0240
1369707046.2330
1369707046.4420
1369707046.6510
1369707046.8610
1369707047.0700
1369707047.2790
1369707047.4880
1369707047.6970
1369707047.9070
1369707048.1160
1369707048.3250
1369707048.5340
1369707048.7430
1369707048.9520
1369707049.1610
1369707049.3690
1369707049.5790
1369707049.7880
1369707049.9970
1369707050.2060
1369707050.4150
1369707050.6240
1369707050.8330
1369707051.0420
1369707051.2510
1369707051.4600
1369707051.6690
1369707051.8780
1369707052.0870
1369707052.2960
1369707052.5050
1369707052.7140
1369707052.9230
1369707053.1320
1369707053.3410
1369707053.5500
1369707053.7590
1369707053.9680
1369707054.1770
1369707054.3860
1369707054.5950
1369707054.8040
1369707055.0130
1369707055.2220
1369707055.4310
1369707055.6400
1369707055.8490
1369707056.0580
1369707056.2680
1369707056.4770
1369707056.6860
1369707056.8950
1369707057.1040
1369707057.3130
1369707057.5220
1369707057.7310
1369707057.9400
1369707058.1490
1369707058.3570
1369707058.5660
1369707058.7760
1369707058.9850
1369707059.1940
1369707059.4030
1369707059.6120
1369707059.8210
1369707060.0300
1369707060.2390
1369707060.4480
1369707060.6570
1369707060.8660
1369707061.0750
1369707061.2840
1369707061.4930
1369707061.7020
1369707061.9110
1369707062.1200
1369707062.3290
1369707062.5380
1369707062.7470
1369707062.9560
1369707063.1650
1369707063.3740
1369707063.5830
1369707063.7920
1369707064.0010
1369707064.2100
1369707064.4200
1369707064.8370
1369707065.0470
1369707065.2560
1369707065.4650
1369707065.6740
1369707065.8830
1369707066.0920
1369707066.3010
1369707066.5100
1369707066.7190
1369707066.9280
1369707067.1370
1369707067.3460
1369707067.5550
1369707067.7640
1369707067.9730
1369707068.1820
1369707068.3910
1369707068.6000
1369707068.8090
1369707069.0180
1369707069.2270
1369707069.4360
1369707069.6450
1369707069.8540
1369707070.0630
1369707070.2720
1369707070.4810
1369707070.6890
1369707070.8980
1369707071.1070
1369707071.3160
1369707071.5250
1369707071.7340
1369707071.9430
1369707072.1520
1369707072.3610
1369707072.5700
1369707072.7790
1369707072.9880
1369707073.1970
1369707073.4060
1369707073.6150
1369707073.8240
1369707074.0330
1369707074.2420
1369707074.4510
1369707074.6600
1369707074.8690
1369707075.0790
1369707075.2880
1369707075.4970
1369707075.7060
1369707075.9150
1369707076.1240
1369707076.3330
1369707076.5420
1369707076.7510
1369707076.9600
1369707077.1690
1369707077.3780
1369707077.5880
1369707077.7970
1369707078.0070
1369707078.2160
1369707078.4260
1369707078.6350
1369707078.8450
1369707079.0540
1369707079.2640
1369707079.4730
1369707079.6820
1369707079.8910
1369707080.1000
1369707080.3100
1369707080.5190
1369707080.7280
1369707080.9370
1369707081.1450
1369707081.3540
1369707081.5630
1369707081.7710
1369707081.9800
1369707082.1880
1369707082.3970
1369707082.6060
1369707082.8140
1369707083.0230
1369707083.2320
1369707083.4400
1369707083.6490
1369707083.8580
1369707084.0670
1369707084.2750
1369707084.4840
1369707084.6930
1369707084.9020
1369707085.1110
1369707085.3200
1369707085.5290
1369707085.7380
1369707085.9470
1369707086.1560
1369707086.3650
1369707086.5740
1369707086.7840
1369707086.9930
1369707087.2030
1369707087.4120
1369707087.6220
1369707087.8310
1369707088.0400
1369707088.2500
1369707088.4590
1369707088.6680
1369707088.8770
1369707089.0860
1369707089.2950
1369707089.5040
1369707089.7130
1369707089.9220
1369707090.1310
1369707090.3400
1369707090.5490
1369707090.7580
1369707090.9670
1369707091.1760
1369707091.3850
1369707091.5940
1369707091.8030
1369707092.0120
1369707092.2210
1369707092.4300
1369707092.6390
1369707092.8480
1369707093.0570
1369707093.2660
1369707093.4750
1369707093.6850
1369707093.8940
1369707094.1030
1369707094.3120
1369707094.5210
1369707094.7300
1369707094.9390
1369707095.1480
1369707095.3570
1369707095.5660
1369707095.7750
1369707095.9840
1369707096.1930
1369707096.4020
1369707096.6110
1369707096.8200
1369707097.0290
1369707097.2380
1369707097.4470
1369707097.6560
1369707097.8650
1369707098.0740
1369707098.2830
1369707098.4920
1369707098.7010
1369707098.9100
1369707099.1190
1369707099.3280
1369707099.5370
1369707099.7460
1369707099.9550
1369707100.1640
1369707100.3730
1369707100.5820
1369707100.7910
1369707101.0000
1369707101.2090
1369707101.4180
1369707101.6270
1369707101.8360
1369707102.0450
1369707102.2540
1369707102.4630
1369707102.6720
1369707102.8810
1369707103.0910
1369707103.3000
1369707103.5090
1369707103.7180
1369707103.9270
1369707104.1360
1369707104.3450
1369707104.5540
1369707104.7630
1369707104.9720
1369707105.1810
1369707105.3900
1369707105.5990
1369707105.8080
1369707106.0160
1369707106.2250
1369707106.4340
1369707106.6440
1369707106.8530
1369707107.0620
1369707107.2710
1369707107.4810
1369707107.6900
1369707107.8990
1369707108.1080
1369707108.3170
1369707108.5260
1369707108.7350
1369707108.9440
1369707109.1530
1369707109.3620
1369707109.5710
1369707109.7800
1369707109.9890
1369707110.1980
1369707110.4070
1369707110.6160
1369707110.8250
1369707111.0340
1369707111.2420
1369707111.4510
1369707111.6600
1369707111.8690
1369707112.0780
1369707112.2870
1369707112.4960
1369707112.7050
1369707112.9140
1369707113.1230
1369707113.3320
1369707113.5410
1369707113.7500
1369707113.9590
1369707114.1680
1369707114.3770
1369707114.5860
1369707114.7950
1369707115.0040
1369707115.2130
1369707115.4220
1369707115.6310
1369707115.8400
1369707116.0490
1369707116.2580
1369707116.4670
1369707116.6760
1369707116.8850
1369707117.0940
1369707117.3030
1369707117.5120
1369707117.7210
1369707117.9300
1369707118.1390
1369707118.3480
1369707118.5570
1369707118.7660
1369707118.9750
1369707119.1840
1369707119.3930
1369707119.6020
1369707119.8110
1369707120.0200
1369707120.2290
1369707120.4380
1369707120.6470
1369707120.8560
1369707121.0650
1369707121.2740
1369707121.4830
1369707121.6920
1369707121.9010
1369707122.1100
1369707122.3190
1369707122.5280
1369707122.7370
1369707122.9460
1369707123.1550
1369707123.3640
1369707123.5730
1369707123.7820
1369707123.9910
1369707124.2000
1369707124.4090
1369707124.6180
1369707124.8270
1369707125.0360
1369707125.2450
1369707125.4540
1369707125.6630
1369707125.8720
1369707126.0810
1369707126.2900
1369707126.4980
1369707126.7070
1369707126.9160
1369707127.1250
1369707127.3340
1369707127.5430
1369707127.7520
1369707127.9610
1369707128.1700
1369707128.3790
1369707128.5880
1369707128.7970
1369707129.0060
1369707129.2140
1369707129.4230
1369707129.6320
1369707129.8410
1369707130.0500
1369707130.2580
1369707130.4670
1369707130.6760
1369707130.8850
1369707131.0940
1369707131.3030
1369707131.5120
1369707131.7210
1369707131.9300
1369707132.1390
1369707132.3480
1369707132.5560
1369707132.7650
1369707132.9740
1369707133.1830
1369707133.3920
1369707133.6010
1369707133.8100
1369707134.0190
1369707134.2280
1369707134.4370
1369707135.9000
1369707136.1090
1369707136.3180
1369707136.5270
1369707136.7360
1369707136.9440
1369707137.1530
1369707137.3620
1369707137.5710
1369707137.7800
1369707137.9890
1369707138.1980
1369707138.4070
1369707138.6160
1369707138.8250
1369707139.0340
1369707139.2430
1369707139.4510
1369707139.6600
1369707139.8690
1369707140.0780
1369707140.2880
1369707140.4970
1369707140.7060
1369707140.9150
1369707141.1240
1369707141.3330
1369707141.5420
1369707141.7510
1369707141.9590
1369707142.1680
1369707142.3770
1369707142.5860
1369707142.7950
1369707143.0050
1369707143.2140
1369707143.4230
1369707143.6310
1369707143.8400
1369707144.0490
1369707144.2580
1369707144.4670
1369707144.6760
1369707144.8850
1369707145.0940
1369707145.3030
1369707145.5120
1369707145.7220
1369707145.9310
1369707146.1400
1369707146.3490
1369707146.5580
1369707146.7670
1369707146.9760
1369707147.1850
1369707147.3940
1369707147.6030
1369707147.8120
1369707148.0220
1369707148.2310
1369707148.4400
1369707148.6480
1369707148.8570
1369707149.0660
1369707149.2750
1369707149.4840
1369707149.6930
1369707149.9020
1369707150.1100
1369707150.3190
1369707150.5280
1369707150.7360
1369707150.9450
1369707151.1540
1369707151.3630
1369707151.5720
1369707151.7810
1369707151.9900
1369707152.1990
1369707152.4090
1369707152.6180
1369707152.8260
1369707153.0350
1369707153.2440
1369707153.4530
1369707153.6620
1369707153.8710
1369707154.0800
1369707154.2890
1369707154.4980
1369707154.7070
1369707154.9160
1369707155.1250
1369707155.3340
1369707155.5430
1369707155.7520
1369707155.9600
1369707156.1690
1369707156.3780
1369707156.5860
1369707156.7940
1369707157.0030
1369707157.2120
1369707157.4200
1369707157.6290
1369707157.8390
1369707158.0480
1369707158.2580
1369707158.4670
1369707158.6770
1369707158.8860
1369707159.0960
1369707159.3050
1369707159.5140
1369707159.7230
1369707159.9320
1369707160.1410
1369707160.3500
1369707160.5590
1369707160.7680
1369707160.9770
1369707161.1860
1369707161.3940
1369707161.6030
1369707161.8120
1369707162.0210
1369707162.2300
1369707162.4390
1369707162.6480
1369707162.8570
1369707163.0660
1369707163.2750
1369707163.4840
1369707163.6930
1369707163.9020
1369707164.1110
1369707164.3200
1369707164.5290
1369707164.7380
1369707164.9470
1369707165.1550
1369707165.3640
1369707165.5730
1369707165.7820
1369707165.9910
1369707166.2000
1369707166.4090
1369707166.6180
1369707166.8270
1369707167.0360
1369707167.2450
1369707167.4540
1369707167.6630
1369707167.8720
1369707168.0810
1369707168.2900
1369707168.4990
1369707168.7080
1369707168.9170
1369707169.1260
1369707169.3350
1369707169.5440
1369707169.7530
1369707169.9620
1369707170.1710
1369707170.3790
1369707170.5880
1369707170.7970
1369707171.0060
1369707171.2150
1369707171.4240
1369707171.6330
1369707171.8420
1369707172.0510
1369707172.2600
1369707172.4690
1369707172.6780
1369707172.8870
1369707173.0960
1369707173.3050
1369707173.5140
1369707173.7230
1369707173.9320
1369707174.1410
1369707174.3500
1369707174.5590
1369707174.7680
1369707174.9770
1369707175.1860
1369707175.3950
1369707175.6040
1369707175.8130
1369707176.0220
1369707176.2310
1369707176.4400
1369707176.6490
1369707176.8580
1369707177.0670
1369707177.2760
1369707177.4850
1369707177.6940
1369707177.9030
1369707178.1120
1369707178.3210
1369707178.5300
1369707178.7380
1369707178.9470
1369707179.1560
1369707179.3650
1369707179.5740
1369707179.7830
1369707179.9920
1369707180.2010
1369707180.4100
1369707180.6190
1369707180.8280
1369707181.0360
1369707181.2450
1369707181.4540
1369707181.6630
1369707181.8720
1369707182.0810
1369707182.2900
1369707182.4990
1369707182.7080
1369707182.9170
1369707183.1260
1369707183.3350
1369707183.5440
1369707183.7530
1369707183.9620
1369707184.1700
1369707184.3790
1369707184.5880
1369707184.7970
1369707185.0060
1369707185.2150
1369707185.4240
1369707185.6330
1369707185.8420
1369707186.0510
1369707186.2600
1369707186.4690
1369707186.6780
1369707186.8870
1369707187.0960
1369707187.3050
1369707187.5140
1369707187.7230
1369707187.9320
1369707188.1410
1369707188.3500
1369707188.5590
1369707188.7680
1369707188.9770
1369707189.1860
1369707189.3950
1369707189.6030
1369707189.8120
1369707190.0210
1369707190.2300
1369707190.4390
1369707190.6480
1369707190.8570
1369707191.0660
1369707191.2750
1369707191.4840
1369707191.6930
1369707191.9010
1369707192.1100
1369707192.3190
1369707192.5280
1369707192.7370
1369707192.9460
1369707193.1550
1369707193.3630
1369707193.5720
1369707193.7810
1369707193.9900
1369707194.1990
1369707194.4080
1369707194.6170
1369707194.8260
1369707195.0350
1369707195.2430
1369707195.4520
1369707195.6610
1369707195.8700
1369707196.0790
1369707196.2890
1369707196.4980
1369707196.7070
1369707196.9160
1369707197.1250
1369707197.3340
1369707197.5430
1369707197.7510
1369707197.9600
1369707198.1690
1369707198.3780
1369707198.5870
1369707198.7960
1369707199.0050
1369707199.2140
1369707199.4230
1369707199.6320
1369707199.8410
1369707200.0500
1369707200.2590
1369707200.4680
1369707200.6760
1369707200.8850
1369707201.0940
1369707201.3030
1369707201.5120
1369707201.7210
1369707201.9300
1369707202.1390
1369707202.3480
1369707202.5570
1369707202.7660
1369707202.9750
1369707203.1840
1369707203.3930
1369707203.6020
1369707203.8110
1369707204.0200
1369707204.2290
1369707204.4370
1369707204.6460
1369707204.8550
1369707205.0640
1369707205.2730
1369707205.4820
1369707205.6910
1369707205.9000
1369707206.1090
1369707206.3180
1369707206.5270
1369707206.7360
1369707206.9450
1369707207.1540
1369707207.3630
1369707207.5710
1369707207.7800
1369707207.9900
1369707208.1990
1369707208.4080
1369707208.6170
1369707208.8250
1369707209.0340
1369707209.2430
1369707209.4520
1369707209.6610
1369707209.8700
1369707210.0790
1369707210.2880
1369707210.4970
1369707210.7060
1369707210.9150
1369707211.1240
1369707211.3330
1369707211.5420
1369707211.7510
1369707211.9610
1369707212.1700
1369707212.3790
1369707212.5880
1369707212.7970
1369707213.0060
1369707213.2150
1369707213.4230
1369707213.6320
1369707213.8410
1369707214.0490
1369707214.2580
1369707214.4670
1369707214.6760
1369707214.8850
1369707215.0940
1369707215.3040
1369707215.5130
1369707215.7220
1369707215.9310
1369707216.1400
1369707216.3490
1369707216.5580
1369707216.7670
1369707216.9760
1369707217.1850
1369707217.3940
1369707217.6030
1369707217.8120
1369707218.0210
1369707218.2300
1369707218.4390
1369707218.6480
1369707218.8570
1369707219.0660
1369707219.2750
1369707219.4840
1369707219.6930
1369707219.9020
1369707220.1110
1369707220.3200
1369707220.5290
1369707220.7380
1369707220.9470
1369707221.1560
1369707221.3650
1369707221.5740
1369707221.7830
1369707221.9920
1369707222.2010
1369707222.4100
1369707222.6190
1369707222.8280
1369707223.0370
1369707223.2460
1369707223.4550
1369707223.6640
1369707223.8730
1369707224.0820
1369707224.2910
1369707224.5000
1369707224.7090
1369707224.9180
1369707225.1270
1369707225.3360
1369707225.5450
1369707225.7540
1369707225.9630
1369707226.1720
1369707226.3810
1369707226.5900
1369707226.7990
1369707227.0080
1369707227.2170
1369707227.4260
1369707227.6350
1369707227.8440
1369707228.0530
1369707228.2620
1369707228.4710
1369707228.6800
1369707228.8890
1369707229.0980
1369707229.3070
1369707229.5160
1369707229.7250
1369707229.9340
1369707230.1430
1369707230.3520
1369707230.5610
1369707230.7700
1369707230.9790
1369707231.1880
1369707231.3970
1369707231.6060
1369707231.8150
1369707232.0240
1369707232.2330
1369707232.4420
1369707232.6510
1369707232.8600
1369707233.0690
1369707233.2780
1369707233.4870
1369707233.6960
1369707233.9050
1369707234.1140
1369707234.3230
1369707234.5320
1369707234.7410
1369707234.9500
1369707235.1590
1369707235.3680
1369707235.5770
1369707235.7850
1369707235.9940
1369707236.2030
1369707236.4120
1369707236.6210
1369707236.8290
1369707237.0380
1369707237.2470
1369707237.4560
1369707237.6650
1369707237.8740
1369707238.0830
1369707238.2920
1369707238.5010
1369707238.7100
1369707238.9200
1369707239.1290
1369707239.3380
1369707239.5480
1369707239.7570
1369707239.9660
1369707240.1750
1369707240.3850
1369707240.5940
1369707240.8030
1369707241.0120
1369707241.2210
1369707241.4300
1369707241.6390
1369707241.8480
1369707242.0570
1369707242.2660
1369707242.4750
1369707242.6840
1369707242.8930
1369707243.1020
1369707243.3110
1369707243.5200
1369707243.7290
1369707243.9380
1369707244.1470
1369707244.3560
1369707244.5650
1369707244.7740
1369707244.9830
1369707245.1920
1369707245.4010
1369707245.6100
1369707245.8190
1369707246.0280
1369707246.2370
1369707246.4460
1369707246.6550
1369707246.8640
1369707247.0730
1369707247.2820
1369707247.4910
1369707247.7000
1369707247.9090
1369707248.1180
1369707248.3270
1369707248.5360
1369707248.7450
1369707248.9540
1369707249.1630
1369707249.3720
1369707249.5810
1369707249.7900
1369707249.9990
1369707250.2080
1369707250.4170
1369707250.6260
1369707250.8350
1369707251.0440
1369707251.2530
1369707251.4620
1369707251.6710
1369707251.8800
1369707252.0890
1369707252.2980
1369707252.5070
1369707252.7160
1369707252.9250
1369707253.1340
1369707253.3430
1369707253.5520
1369707253.7610
1369707253.9700
1369707254.1790
1369707254.3880
1369707254.5970
1369707254.8060
1369707255.0150
1369707255.2240
1369707255.4330
1369707255.6420
1369707255.8510
1369707256.0600
1369707256.2690
1369707256.4780
1369707256.6870
1369707256.8960
1369707257.1050
1369707257.3140
1369707257.5230
1369707257.7330
1369707257.9420
1369707258.1510
1369707258.3600
1369707258.5690
1369707258.7780
1369707258.9870
1369707259.1960
1369707259.4050
1369707259.6140
1369707259.8230
1369707260.0310
1369707260.2400
1369707260.4490
1369707260.6580
1369707260.8670
1369707261.0760
1369707261.2850
1369707261.4940
1369707261.7030
1369707261.9120
1369707262.1220
1369707262.3310
1369707262.5400
1369707262.7490
1369707262.9580
1369707263.1670
1369707263.3760
1369707263.5850
1369707263.7940
1369707264.0030
1369707264.2120
1369707264.4210
1369707264.6300
1369707264.8390
1369707265.0480
1369707265.2570
1369707265.4660
1369707265.6750
1369707265.8840
1369707266.0930
1369707266.3020
1369707266.5110
1369707266.7200
1369707266.9290
1369707267.1380
1369707267.3470
1369707267.5560
1369707267.7650
1369707267.9740
1369707268.1830
1369707268.3920
1369707268.6010
1369707268.8100
1369707269.0200
1369707269.2290
1369707269.4380
1369707269.6470
1369707269.8560
1369707270.0650
1369707270.2740
1369707270.4830
1369707270.6920
1369707270.9010
1369707271.1100
1369707271.3190
1369707271.5280
1369707271.7370
1369707271.9460
1369707272.1550
1369707272.3640
1369707272.5730
1369707272.7810
1369707272.9900
1369707273.1990
1369707273.4080
1369707273.6160
1369707273.8250
1369707274.0340
1369707274.2430
1369707274.4520
1369707274.6610
1369707274.8690
1369707275.0780
1369707275.2870
1369707275.4960
1369707275.7050
1369707275.9140
1369707276.1230
1369707276.3320
1369707276.5410
1369707276.7500
1369707276.9590
1369707277.1680
1369707277.3770
1369707277.5860
1369707277.7950
1369707278.0040
1369707278.2130
1369707278.4220
1369707278.6310
1369707278.8400
1369707279.0490
1369707279.2580
1369707279.4660
1369707279.6750
1369707279.8840
1369707280.0930
1369707280.3020
1369707280.5110
1369707280.7200
1369707280.9290
1369707281.1380
1369707281.3470
1369707281.5560
1369707281.7650
1369707281.9740
1369707282.1830
1369707282.3920
1369707282.6010
1369707282.8100
1369707283.0190
1369707283.2280
1369707283.4360
1369707283.6450
1369707283.8540
1369707284.0630
1369707284.2720
1369707284.4810
1369707284.6900
1369707284.8990
1369707285.1080
1369707285.3170
1369707285.5260
1369707285.7350
1369707285.9440
1369707286.1530
1369707286.3620
1369707286.5710
1369707286.7800
1369707286.9890
1369707287.1980
1369707287.4070
1369707287.6160
1369707287.8250
1369707288.0340
1369707288.2430
1369707288.4520
1369707288.6610
1369707288.8700
1369707289.0790
1369707289.2880
1369707289.4970
1369707289.7050
1369707289.9140
1369707290.1230
1369707290.3320
1369707290.5410
1369707290.7500
1369707290.9590
1369707291.1680
1369707291.3770
1369707291.5860
1369707291.7950
1369707292.0040
1369707292.2130
1369707292.4210
1369707292.6300
1369707292.8390
1369707293.0480
1369707293.2570
1369707293.4660
1369707293.6750
1369707293.8840
1369707294.0930
1369707294.3020
1369707294.5110
1369707294.7200
1369707294.9290
1369707295.1380
1369707295.3470
1369707295.5550
1369707295.7640
1369707295.9730
1369707296.1820
1369707296.3910
1369707296.6000
1369707296.8090
1369707297.0180
1369707297.2270
1369707297.4360
1369707297.6450
1369707297.8540
1369707298.0630
1369707298.2720
1369707298.4810
1369707298.6900
1369707298.8990
1369707299.1080
1369707299.3170
1369707299.5260
1369707299.7350
1369707299.9440
1369707300.1530
1369707300.3620
1369707300.5710
1369707300.7800
1369707300.9880
1369707301.1970
1369707301.4060
1369707301.6150
1369707301.8240
1369707302.0330
1369707302.2420
1369707302.4510
1369707302.6600
1369707302.8690
1369707303.0780
1369707303.2870
1369707303.4960
1369707303.7050
1369707303.9140
1369707304.1230
1369707304.3320
1369707304.5410
1369707304.7500
1369707304.9580
1369707305.1670
1369707305.3760
1369707305.5850
1369707305.7940
1369707306.0030
1369707306.2120
1369707306.4210
1369707306.6300
1369707306.8390
1369707307.0480
1369707307.2570
1369707307.4660
1369707307.6750
1369707307.8840
1369707308.0930
1369707308.3020
1369707308.5110
1369707308.7200
1369707308.9290
1369707309.1380
1369707309.3460
1369707309.5550
1369707309.7640
1369707309.9730
1369707310.1820
1369707310.3910
1369707310.6000
1369707310.8090
1369707311.0180
1369707311.2270
1369707311.4360
1369707311.6450
1369707311.8540
1369707312.0630
1369707312.2720
1369707312.4810
1369707312.6900
1369707312.8990
1369707313.1070
1369707313.3160
1369707313.5250
1369707313.7340
1369707313.9430
1369707314.1520
1369707314.3610
1369707314.5700
1369707314.7790
1369707314.9880
1369707315.1970
1369707315.4060
1369707315.6150
1369707315.8240
1369707316.0330
1369707316.2420
1369707316.4510
1369707316.6590
1369707316.8680
1369707317.0770
1369707317.2860
1369707317.4950
1369707317.7040
1369707317.9130
1369707318.1220
1369707318.3310
1369707318.5400
1369707318.7490
1369707318.9580
1369707319.1660
1369707319.3750
1369707319.5840
1369707319.7930
1369707320.0020
1369707320.2110
1369707320.4200
1369707320.6290
1369707320.8380
1369707321.0470
1369707321.2560
1369707321.4640
1369707321.6730
1369707321.8820
1369707322.0910
1369707322.3000
1369707322.5090
1369707322.7180
1369707322.9270
1369707323.1360
1369707323.3450
1369707323.5530
1369707323.7620
1369707323.9710
1369707324.1800
1369707324.3890
1369707324.5980
1369707324.8070
1369707325.0160
1369707325.2250
1369707325.4340
1369707325.6430
1369707325.8520
1369707326.0610
1369707326.2700
1369707326.4790
1369707326.6880
1369707326.8970
1369707327.1060
1369707327.3150
1369707327.5240
1369707327.7330
1369707327.9420
1369707328.1510
1369707328.3600
1369707328.5690
1369707328.7770
1369707328.9860
1369707329.1950
1369707329.4040
1369707329.6130
1369707329.8210
1369707330.0310
1369707330.2400
1369707330.4490
1369707330.6580
1369707330.8670
1369707331.0760
1369707331.2850
1369707331.4940
1369707331.7030
1369707331.9120
1369707332.1210
1369707332.3300
1369707332.5390
1369707332.7470
1369707332.9560
1369707333.1650
1369707333.3740
1369707333.5830
1369707333.7920
1369707334.0010
1369707334.2100
1369707334.4190
1369707334.6280
1369707334.8360
1369707335.0450
1369707335.2540
1369707335.4630
1369707335.6720
1369707335.8810
1369707336.0900
1369707336.2990
1369707336.5080
1369707336.7170
1369707336.9260
1369707337.1360
1369707337.3450
1369707337.5550
1369707337.7640
1369707337.9740
1369707338.1830
1369707338.3920
1369707338.6010
1369707338.8100
1369707339.0190
1369707339.2280
1369707339.4370
1369707339.6460
1369707339.8540
1369707340.0630
1369707340.2720
1369707340.4800
1369707340.6890
1369707340.8980
1369707341.1060
1369707341.3150
1369707341.5230
1369707341.7320
1369707341.9410
1369707342.1500
1369707342.3590
1369707342.5680
1369707342.7770
1369707342.9860
1369707343.1950
1369707343.4040
1369707343.6120
1369707343.8210
1369707344.0300
1369707344.2390
1369707344.4480
1369707344.6570
1369707344.8660
1369707345.0750
1369707345.2830
1369707345.4920
1369707345.7010
1369707345.9100
1369707346.1190
1369707346.3280
1369707346.5370
1369707346.7460
1369707346.9540
1369707347.1630
1369707347.3720
1369707347.5810
1369707347.7900
1369707347.9990
1369707348.2080
1369707348.4170
1369707348.6260
1369707348.8350
1369707349.0440
1369707349.2530
1369707349.4620
1369707349.6710
1369707349.8800
1369707350.0890
1369707350.2980
1369707350.5070
1369707350.7160
1369707350.9250
1369707351.1340
1369707351.3430
1369707351.5520
1369707351.7610
1369707351.9700
1369707352.1790
1369707352.3880
1369707352.5970
1369707352.8060
1369707353.0150
1369707353.2240
1369707353.4330
1369707353.6420
1369707353.8510
1369707354.0600
1369707354.2690
1369707354.4780
1369707354.6870
1369707354.8960
1369707355.1050
1369707355.3140
1369707355.5230
1369707355.7320
1369707355.9410
1369707356.1500
1369707356.3590
1369707356.5680
1369707356.7770
1369707356.9860
1369707357.1950
1369707357.4040
1369707357.6130
1369707357.8220
1369707358.0310
1369707358.2400
1369707358.4500
1369707358.6590
1369707358.8680
1369707359.0780
1369707359.2870
1369707359.4960
1369707359.7060
1369707359.9150
1369707360.1250
1369707360.3340
1369707360.5430
1369707360.7520
1369707360.9610
1369707361.1700
1369707361.3790
1369707361.5880
1369707361.7960
1369707362.0050
1369707362.2130
1369707362.4220
1369707362.8390
1369707363.0480
1369707363.2570
1369707363.4660
1369707363.6740
1369707363.8830
1369707364.0920
1369707364.3010
1369707364.5100
1369707364.7190
1369707364.9280
1369707365.1370
1369707365.3460
1369707365.5550
1369707365.7640
1369707365.9730
1369707366.1820
1369707366.3910
1369707366.6000
1369707366.8090
1369707367.0180
1369707367.2270
1369707367.4360
1369707367.6450
1369707367.8540
1369707368.0630
1369707368.2720
1369707368.4810
1369707368.6900
1369707368.8990
1369707369.1080
1369707369.3170
1369707369.5260
1369707369.7350
1369707369.9440
1369707370.1520
1369707370.3610
1369707370.5700
1369707370.7790
1369707370.9880
1369707371.1970
1369707371.4060
1369707371.6150
1369707371.8250
1369707372.0340
1369707372.2430
1369707372.4510
1369707372.6600
1369707372.8690
1369707373.0770
1369707373.2860
1369707373.4950
1369707373.7040
1369707373.9120
1369707374.1210
1369707374.3300
1369707374.5390
1369707374.7480
1369707374.9570
1369707375.1660
1369707375.3750
1369707375.5840
1369707375.7940
1369707376.0030
1369707376.2130
1369707376.4230
1369707376.6320
1369707376.8410
1369707377.0510
1369707377.2600
1369707377.4690
1369707377.6780
1369707377.8870
1369707378.0960
1369707378.3050
1369707378.5140
1369707378.7230
1369707378.9320
1369707379.1410
1369707379.3500
1369707379.5600
1369707379.7690
1369707379.9780
1369707380.1870
1369707380.3960
1369707380.6050
1369707380.8140
1369707381.0230
1369707381.2320
1369707381.4410
1369707381.6500
1369707381.8590
1369707382.0680
1369707382.2770
1369707382.4860
1369707382.6950
1369707382.9040
1369707383.1130
1369707383.3220
1369707383.5310
1369707383.7400
1369707383.9490
1369707384.1580
1369707384.3670
1369707384.5750
1369707384.7840
1369707384.9930
1369707385.2020
1369707385.4110
1369707385.6200
1369707385.8300
1369707386.0390
1369707386.2480
1369707386.4570
1369707386.6660
1369707386.8760
1369707387.0850
1369707387.2940
1369707387.5040
1369707387.7130
1369707387.9230
1369707388.1320
1369707388.3420
1369707388.5510
1369707388.7600
1369707388.9700
1369707389.1790
1369707389.3880
1369707389.5970
1369707389.8060
1369707390.0140
1369707390.2230
1369707390.4320
1369707390.6400
1369707390.8490
1369707391.0570
1369707391.2660
1369707391.4750
1369707391.6840
1369707391.8930
1369707392.1020
1369707392.3110
1369707392.5200
1369707392.7290
1369707392.9380
1369707393.1470
1369707393.3560
1369707393.5650
1369707393.7740
1369707393.9830
1369707394.1920
1369707394.4010
1369707394.6100
1369707394.8190
1369707395.0280
1369707395.2370
1369707395.4460
1369707395.6550
1369707395.8640
1369707396.0730
1369707396.2820
1369707396.4920
1369707396.7010
1369707396.9100
1369707397.1190
1369707397.3280
1369707397.5370
1369707397.7460
1369707397.9550
1369707398.1640
1369707398.3730
1369707398.5820
1369707398.7910
1369707399.0000
1369707399.2090
1369707399.4180
1369707399.6270
1369707399.8360
1369707400.0450
1369707400.2540
1369707400.4630
1369707400.6720
1369707400.8810
1369707401.0900
1369707401.2990
1369707401.5080
1369707401.7170
1369707401.9260
1369707402.1360
1369707402.3450
1369707402.5540
1369707402.7630
1369707402.9720
1369707403.1810
1369707403.3900
1369707403.5990
1369707403.8080
1369707404.0180
1369707404.2270
1369707404.4360
1369707404.6460
1369707404.8550
1369707405.0650
1369707405.2740
1369707405.4840
1369707405.6930
1369707405.9030
1369707406.1120
1369707406.3210
1369707406.5310
1369707406.7400
1369707406.9490
1369707407.1580
1369707407.3670
1369707407.5760
1369707407.7850
1369707407.9950
1369707408.2040
1369707408.4130
1369707408.6220
1369707408.8300
1369707409.0390
1369707409.2480
1369707409.4570
1369707409.6650
1369707409.8740
1369707410.0820
1369707410.2910
1369707410.5000
1369707410.7090
1369707410.9180
1369707411.1270
1369707411.3360
1369707411.5450
1369707411.7530
1369707411.9620
1369707412.1710
1369707412.3800
1369707412.5890
1369707412.7980
1369707413.0070
1369707413.2170
1369707413.4260
1369707413.6340
1369707413.8430
1369707414.0520
1369707414.2610
1369707414.4700
1369707414.6790
1369707414.8880
1369707415.0970
1369707415.3060
1369707415.5150
1369707415.7240
1369707415.9330
1369707416.1420
1369707416.3510
1369707416.5600
1369707416.7680
1369707416.9770
1369707417.1860
1369707417.3950
1369707417.6040
1369707417.8130
1369707418.0220
1369707418.2310
1369707418.4400
1369707418.6490
1369707418.8580
1369707419.0670
1369707419.2750
1369707419.4840
1369707419.6930
1369707419.9020
1369707420.1110
1369707420.3200
1369707420.5290
1369707420.7380
1369707420.9470
1369707421.1560
1369707421.3650
1369707421.5740
1369707421.7830
1369707421.9910
1369707422.2000
1369707422.4090
1369707422.6180
1369707422.8270
1369707423.0360
1369707423.2450
1369707423.4540
1369707423.6630
1369707423.8720
1369707424.0800
1369707424.2890
1369707424.4980
1369707424.7070
1369707424.9160
1369707425.1250
1369707425.3340
1369707425.5430
1369707425.7520
1369707425.9610
1369707426.1700
1369707426.3790
1369707426.5880
1369707426.7970
1369707427.0050
1369707427.2140
1369707427.4230
1369707427.6320
1369707427.8410
1369707428.0500
1369707428.2590
1369707428.4680
1369707428.6760
1369707428.8850
1369707429.0940
1369707429.3030
1369707429.5120
1369707429.7210
1369707429.9300
1369707430.1390
1369707430.3480
1369707430.5570
1369707430.7660
1369707430.9750
1369707431.1840
1369707431.3930
1369707431.6020
1369707431.8110
1369707432.0200
1369707432.2290
1369707432.4380
1369707432.6470
1369707432.8560
1369707433.0650
1369707433.2740
1369707433.4830
1369707433.6920
1369707433.9010
1369707434.1110
1369707434.3200
1369707434.5290
1369707434.7390
1369707434.9480
1369707435.1570
1369707435.3670
1369707435.5770
1369707435.7860
1369707435.9950
1369707436.2050
1369707436.4130
1369707436.6220
1369707436.8310
1369707437.0390
1369707437.2470
1369707437.4560
1369707437.6640
1369707437.8720
1369707438.0810
1369707438.2890
1369707438.4980
1369707438.7070
1369707438.9160
1369707439.1250
1369707439.3340
1369707439.5430
1369707439.7520
1369707439.9610
1369707440.1700
1369707440.3790
1369707440.5880
1369707440.7970
1369707441.0060
1369707441.2150
1369707441.4240
1369707441.6330
1369707441.8420
1369707442.0510
1369707442.2600
1369707442.4690
1369707442.6780
1369707442.8870
1369707443.0960
1369707443.3050
1369707443.5140
1369707443.7220
1369707443.9310
1369707444.1400
1369707444.3500
1369707444.5590
1369707444.7670
1369707444.9770
1369707445.1860
1369707445.3950
1369707445.6040
1369707445.8130
1369707446.0220
1369707446.2310
1369707446.4400
1369707446.6490
1369707446.8580
1369707447.0670
1369707447.2760
1369707447.4850
1369707447.6940
1369707447.9030
1369707448.1120
1369707448.3210
1369707448.5300
1369707448.7390
1369707448.9480
1369707449.1570
1369707449.3660
1369707449.5750
1369707449.7840
1369707449.9940
1369707450.2030
1369707450.4120
1369707450.6220
1369707450.8320
1369707451.0410
1369707451.2510
1369707451.4600
1369707451.6690
1369707451.8790
1369707452.0880
1369707452.2980
1369707452.5070
1369707452.7160
1369707452.9240
1369707453.1330
1369707453.3410
1369707453.5490
1369707453.7570
1369707453.9650
1369707454.1740
1369707454.3830
1369707454.5920
1369707454.8010
1369707455.0100
1369707455.2190
1369707455.4280
1369707455.6370
1369707455.8460
1369707456.0550
1369707456.2640
1369707456.4730
1369707456.6820
1369707456.8910
1369707457.1000
1369707457.3090
1369707457.5180
1369707457.7270
1369707457.9360
1369707458.1450
1369707458.3540
1369707458.5630
1369707458.7720
1369707458.9810
1369707459.1900
1369707459.3990
1369707459.6080
1369707459.8170
1369707460.0260
1369707460.2350
1369707460.4440
1369707460.6520
1369707460.8620
1369707461.0710
1369707461.2800
1369707461.4890
1369707461.6980
1369707461.9070
1369707462.1160
1369707462.3250
1369707462.5330
1369707462.7420
1369707462.9510
1369707463.1610
1369707463.3690
1369707463.5780
1369707463.7870
1369707463.9960
1369707464.2050
1369707464.4140
1369707464.6230
1369707464.8320
1369707465.0410
1369707465.2500
1369707465.4590
1369707465.6680
1369707465.8770
1369707466.0860
1369707466.2950
1369707466.5050
1369707466.7130
1369707466.9230
1369707467.1320
1369707467.3410
1369707467.5500
1369707467.7590
1369707467.9680
1369707468.1770
1369707468.3860
1369707468.5950
1369707468.8040
1369707469.0130
1369707469.2220
1369707469.4310
1369707469.6400
1369707469.8490
1369707470.0580
1369707470.2670
1369707470.4760
1369707470.6850
1369707470.8940
1369707471.1030
1369707471.3120
1369707471.5210
1369707471.7300
1369707471.9390
1369707472.1480
1369707472.3570
1369707472.5660
1369707472.7750
1369707472.9840
1369707473.1930
1369707473.4020
1369707473.6110
1369707473.8200
1369707474.0290
1369707474.2390
1369707474.4480
1369707474.6570
1369707474.8660
1369707475.0750
1369707475.2840
1369707475.4930
1369707475.7030
1369707475.9120
1369707476.1210
1369707476.3300
1369707476.5390
1369707476.7480
1369707476.9570
1369707477.1660
1369707477.3750
1369707477.5840
1369707477.7930
1369707478.0010
1369707478.2100
1369707478.4180
1369707478.6270
1369707478.8350
1369707479.0440
1369707479.2530
1369707479.4620
1369707479.6710
1369707479.8800
1369707480.0890
1369707480.2980
1369707480.5070
1369707480.7170
1369707480.9260
1369707481.1360
1369707481.3450
1369707481.5540
1369707481.7640
1369707481.9730
1369707482.1820
1369707482.3910
1369707482.6000
1369707482.8090
1369707483.0180
1369707483.2270
1369707483.4360
1369707483.6450
1369707483.8540
1369707484.0630
1369707484.2720
1369707484.4810
1369707484.6900
1369707484.8990
1369707485.1080
1369707485.3170
1369707485.5260
1369707485.7350
1369707485.9440
1369707486.1520
1369707486.3610
1369707486.5700
1369707486.7790
1369707486.9880
1369707487.1970
1369707487.4060
1369707487.6150
1369707487.8240
1369707488.0330
1369707488.2420
1369707488.4510
1369707488.6610
1369707488.8700
1369707489.0790
1369707489.2880
1369707489.4970
1369707489.7060
1369707489.9150
1369707490.1240
1369707490.3330
1369707490.5410
1369707490.7500
1369707490.9590
1369707491.1680
1369707491.3770
1369707491.5860
1369707491.7950
1369707492.0040
1369707492.2130
1369707492.4220
1369707492.6310
1369707492.8400
1369707493.0490
1369707493.2580
1369707495.3480
1369707496.1850
1369707501.8280
1369707502.0370
1369707502.2450
1369707502.4540
1369707502.6620
1369707502.8710
1369707503.0800
1369707503.2880
1369707503.4970
1369707503.7070
1369707503.9160
1369707504.1250
1369707504.3350
1369707504.5440
1369707504.7540
1369707504.9630
1369707505.1720
1369707505.3810
1369707505.5900
1369707505.7990
1369707506.0090
1369707506.2180
1369707506.4270
1369707506.6360
1369707506.8450
1369707507.0540
1369707507.2630
1369707507.4720
1369707507.6810
1369707507.8900
1369707508.0980
1369707508.3070
1369707508.5160
1369707508.7250
1369707508.9340
1369707509.1430
1369707509.3520
1369707509.5610
1369707509.7700
1369707509.9790
1369707510.1880
1369707510.3970
1369707510.6060
1369707510.8140
1369707511.0230
1369707511.2320
1369707511.4410
1369707511.6500
1369707511.8590
1369707512.0680
1369707512.2770
1369707512.4860
1369707512.6950
1369707512.9040
1369707513.1130
1369707513.3220
1369707513.5300
1369707513.7390
1369707513.9480
1369707514.1570
1369707514.3660
1369707514.5750
1369707514.7840
1369707514.9930
1369707515.2020
1369707515.4110
1369707515.6200
1369707515.8290
1369707516.0380
1369707516.2460
1369707516.4550
1369707516.6640
1369707516.8730
1369707517.0820
1369707517.2910
1369707517.5000
1369707517.7080
1369707517.9170
1369707518.1260
1369707518.3350
1369707518.5440
1369707518.7530
1369707518.9620
1369707519.1710
1369707519.3800
1369707519.5890
1369707519.7980
1369707520.0060
1369707520.2150
1369707520.4240
1369707520.6330
1369707520.8420
1369707521.0510
1369707521.2600
1369707521.4690
1369707521.6780
1369707521.8860
1369707522.0950
1369707522.3040
1369707522.5120
1369707522.7210
1369707522.9290
1369707523.1380
1369707523.3460
1369707523.5550
1369707523.7630
1369707523.9720
1369707524.1810
1369707524.3900
1369707524.5990
1369707524.8080
1369707525.0170
1369707525.2270
1369707525.4360
1369707525.6450
1369707525.8550
1369707526.0650
1369707526.2740
1369707526.4830
1369707526.6930
1369707526.9020
1369707527.1110
1369707527.3200
1369707527.5280
1369707527.7370
1369707527.9460
1369707528.1550
1369707528.3640
1369707528.5720
1369707528.7810
1369707528.9900
1369707529.1990
1369707529.4080
1369707529.6160
1369707529.8250
1369707530.0340
1369707530.2430
1369707530.4520
1369707530.6610
1369707530.8700
1369707531.0790
1369707531.2880
1369707531.4970
1369707531.7060
1369707531.9140
1369707532.1230
1369707532.3320
1369707532.5410
1369707532.7500
1369707532.9590
1369707533.1680
1369707533.3770
1369707533.5860
1369707533.7950
1369707534.0040
1369707534.2130
1369707534.4220
1369707534.6300
1369707534.8390
1369707535.0480
1369707535.2570
1369707535.4660
1369707535.6750
1369707535.8840
1369707536.0930
1369707536.3020
1369707536.5110
1369707536.7190
1369707536.9280
1369707537.1370
1369707537.3460
1369707537.5550
1369707537.7640
1369707537.9730
1369707538.1820
1369707538.3910
1369707538.6000
1369707538.8090
1369707539.0180
1369707539.2270
1369707539.4360
1369707539.6450
1369707539.8540
1369707540.0630
1369707540.2710
1369707540.4800
1369707540.6890
1369707540.8980
1369707541.1070
1369707541.3160
1369707541.5250
1369707541.7340
1369707541.9430
1369707542.1520
1369707542.3610
1369707542.5700
1369707542.7790
1369707542.9880
1369707543.1970
1369707543.4060
1369707543.6150
1369707543.8240
1369707544.0320
1369707544.2410
1369707544.4500
1369707544.8680
1369707545.0770
1369707545.2860
1369707545.4950
1369707545.7040
1369707545.9130
1369707546.1220
1369707546.3310
1369707546.5390
1369707546.7480
1369707546.9570
1369707547.1660
1369707547.3750
1369707547.5830
1369707547.7920
1369707548.0010
1369707548.2100
1369707548.4190
1369707548.6280
1369707548.8370
1369707549.0460
1369707549.2550
1369707549.4640
1369707549.6730
1369707549.8810
1369707550.0900
1369707550.2990
1369707550.5070
1369707550.7160
1369707550.9240
1369707551.1320
1369707551.3410
1369707551.5490
1369707551.7580
1369707551.9660
1369707552.1740
1369707552.3830
1369707552.5910
1369707552.7990
1369707553.0080
1369707553.2170
1369707553.4260
1369707553.6360
1369707553.8460
1369707554.0560
1369707554.2660
1369707554.4750
1369707554.6850
1369707554.8940
1369707555.1030
1369707555.3110
1369707555.5200
1369707555.7290
1369707555.9380
1369707556.1470
1369707556.3560
1369707556.5650
1369707556.7740
1369707556.9830
1369707557.1910
1369707557.4000
1369707557.6090
1369707557.8180
1369707558.0270
1369707558.2360
1369707558.4450
1369707558.6540
1369707558.8630
1369707559.0720
1369707559.2800
1369707559.4890
1369707559.6980
1369707559.9070
1369707560.1160
1369707560.3250
1369707560.5340
1369707560.7430
1369707560.9520
1369707561.1610
1369707561.3700
1369707561.5800
1369707561.7890
1369707561.9980
1369707562.2070
1369707562.4160
1369707562.6250
1369707562.8340
1369707563.0430
1369707563.2520
1369707563.4610
1369707563.6700
1369707563.8790
1369707564.0880
1369707564.2970
1369707564.5060
1369707564.7150
1369707564.9240
1369707565.1330
1369707565.3420
1369707565.5500
1369707565.7590
1369707565.9680
1369707566.1770
1369707566.3860
1369707566.5950
1369707566.8040
1369707567.0120
1369707567.2210
1369707567.4300
1369707567.6390
1369707567.8480
1369707568.0570
1369707568.2660
1369707568.4750
1369707568.6840
1369707568.8920
1369707569.1010
1369707569.3100
1369707569.5190
1369707569.7280
1369707569.9370
1369707570.1460
1369707570.3550
1369707570.5640
1369707570.7730
1369707570.9820
1369707571.1910
1369707571.4000
1369707571.6100
1369707571.8190
1369707572.0280
1369707572.2380
1369707572.4470
1369707572.6570
1369707572.8660
1369707573.0750
1369707573.2840
1369707573.4930
1369707573.7020
1369707573.9100
1369707574.1190
1369707574.3280
1369707574.5370
1369707574.7460
1369707574.9550
1369707575.1630
1369707575.3720
1369707575.5800
1369707575.7890
1369707575.9980
1369707576.2060
1369707576.4150
1369707576.6240
1369707576.8320
1369707577.0410
1369707577.2500
1369707577.4590
1369707577.6670
1369707577.8760
1369707578.0850
1369707578.2940
1369707578.5020
1369707578.7110
1369707578.9200
1369707579.1290
1369707579.3380
1369707579.5470
1369707579.7560
1369707579.9650
1369707580.1740
1369707580.3830
1369707580.5930
1369707580.8020
1369707581.0110
1369707581.2210
1369707581.4300
1369707581.6390
1369707581.8490
1369707582.0580
1369707582.2660
1369707582.4750
1369707582.6840
1369707582.8930
1369707583.1020
1369707583.3110
1369707583.5200
1369707583.7280
1369707583.9370
1369707584.1460
1369707584.3540
1369707584.5630
1369707584.7720
1369707584.9800
1369707585.1890
1369707585.3980
1369707585.6060
1369707585.8150
1369707586.0240
1369707586.2320
1369707586.4410
1369707586.6490
1369707586.8580
1369707587.0670
1369707587.2760
1369707587.4840
1369707587.6930
1369707587.9010
1369707588.1100
1369707588.3190
1369707588.5280
1369707588.7370
1369707588.9460
1369707589.1550
1369707589.3640
1369707589.5730
1369707589.7820
1369707589.9910
1369707590.2000
1369707590.4100
1369707590.6190
1369707590.8280
1369707591.0380
1369707591.2470
1369707591.4560
1369707591.6650
1369707591.8740
1369707592.0830
1369707592.2920
1369707592.5010
1369707592.7100
1369707592.9190
1369707593.1280
1369707593.3360
1369707593.5440
1369707593.7530
1369707593.9610
1369707594.1700
1369707594.3790
1369707594.5880
1369707594.7970
1369707595.0060
1369707595.2150
1369707595.4240
1369707595.6330
1369707595.8410
1369707596.0500
1369707596.2590
1369707596.4670
1369707596.6760
1369707596.8840
1369707597.0920
1369707597.3000
1369707597.5080
1369707597.7170
1369707597.9250
1369707598.1340
1369707598.3420
1369707598.5510
1369707598.7590
1369707598.9680
1369707599.1770
1369707599.3850
1369707599.5940
1369707599.8030
1369707600.0120
1369707600.2220
1369707600.4310
1369707600.6420
1369707600.8520
1369707601.0630
1369707601.2740
1369707601.4840
1369707601.6950
1369707601.9050
1369707602.1150
1369707602.3240
1369707602.5330
1369707602.7420
1369707602.9510
1369707603.1600
1369707603.3690
1369707603.5780
1369707603.7870
1369707603.9960
1369707604.2050
1369707604.4130
1369707604.6220
1369707604.8310
1369707605.0400
1369707605.2490
1369707605.4580
1369707605.6660
1369707605.8750
1369707606.0840
1369707606.2930
1369707606.5020
1369707606.7110
1369707606.9190
1369707607.1280
1369707607.3370
1369707607.5470
1369707607.7560
1369707607.9650
1369707608.1750
1369707608.3840
1369707608.5930
1369707608.8020
1369707609.0110
1369707609.2200
1369707609.4290
1369707609.6380
1369707609.8470
1369707610.0550
1369707610.2640
1369707610.4730
1369707610.6810
1369707610.8900
1369707611.0980
1369707611.3070
1369707611.5160
1369707611.7250
1369707611.9340
1369707612.1430
1369707612.3520
1369707612.5610
1369707612.7700
1369707612.9800
1369707613.1890
1369707613.3990
1369707613.6080
1369707613.8180
1369707614.0270
1369707614.2370
1369707614.4460
1369707614.6550
1369707614.8630
1369707615.0720
1369707615.2810
1369707615.4900
1369707615.6990
1369707615.9070
1369707616.1160
1369707616.3250
1369707616.5340
1369707616.7430
1369707616.9520
1369707617.1600
1369707617.3690
1369707617.5780
1369707617.7860
1369707617.9950
1369707618.2040
1369707618.4120
1369707618.6210
1369707618.8300
1369707619.0390
1369707619.2480
1369707619.4570
1369707619.6650
1369707619.8740
1369707620.0830
1369707620.2920
1369707620.5010
1369707620.7100
1369707620.9190
1369707621.1280
1369707621.3370
1369707621.5460
1369707621.7550
1369707621.9640
1369707622.1730
1369707622.3820
1369707622.5910
1369707622.8000
1369707623.0090
1369707623.2170
1369707623.4260
1369707623.6350
1369707623.8440
1369707624.0520
1369707624.2610
1369707624.4700
1369707624.6790
1369707624.8870
1369707625.0960
1369707625.3040
1369707625.5130
1369707625.7220
1369707625.9310
1369707626.1400
1369707626.3480
1369707626.5570
1369707626.7660
1369707626.9750
1369707627.1840
1369707627.3930
1369707627.6020
1369707627.8110
1369707628.0210
1369707628.2300
1369707628.4400
1369707628.6490
1369707628.8580
1369707629.0670
1369707629.2770
1369707629.4860
1369707629.6950
1369707629.9040
1369707630.1130
1369707630.3220
1369707630.5310
1369707630.7400
1369707630.9490
1369707631.1580
1369707631.3670
1369707631.5760
1369707631.7850
1369707631.9940
1369707632.2030
1369707632.4120
1369707632.6210
1369707632.8300
1369707633.0390
1369707633.2480
1369707633.4570
1369707633.6660
1369707633.8750
1369707634.0840
1369707634.2930
1369707634.5020
1369707634.7110
1369707634.9200
1369707635.1290
1369707635.3370
1369707635.5460
1369707635.7550
1369707635.9640
1369707636.1730
1369707636.3820
1369707636.5910
1369707636.8000
1369707637.0090
1369707637.2180
1369707637.4270
1369707637.6360
1369707637.8450
1369707638.0540
1369707638.2630
1369707638.4720
1369707638.6800
1369707638.8890
1369707639.0980
1369707639.3070
1369707639.5160
1369707639.7250
1369707639.9340
1369707640.1430
1369707640.3510
1369707640.5600
1369707640.7690
1369707640.9780
1369707641.1870
1369707641.3960
1369707641.6050
1369707641.8140
1369707642.0230
1369707642.2320
1369707642.4410
1369707642.6500
1369707642.8590
1369707643.0680
1369707643.2770
1369707643.4860
1369707643.6950
1369707643.9030
1369707644.1120
1369707644.3210
1369707644.5300
1369707644.7390
1369707644.9480
1369707645.1570
1369707645.3660
1369707645.5750
1369707645.7840
1369707645.9930
1369707646.2020
1369707646.4110
1369707646.6200
1369707646.8290
1369707647.0370
1369707647.2460
1369707647.4550
1369707647.6640
1369707647.8730
1369707648.0820
1369707648.2910
1369707648.5000
1369707648.7090
1369707648.9180
1369707649.1270
1369707649.3360
1369707649.5450
1369707649.7540
1369707649.9630
1369707650.1720
1369707650.3810
1369707650.5900
